# Energy [TeV]
1.000000000000000194e-02
1.258925411794000263e-02
1.584893192461000327e-02
1.995262314969000611e-02
2.511886431510000628e-02
3.162277660168000964e-02
3.981071705535000477e-02
5.011872336273001660e-02
6.309573444802001052e-02
7.943282347243001140e-02
1.000000000000000333e-01
1.258925411794200311e-01
1.584893192461100664e-01
1.995262314968900275e-01
2.511886431509600670e-01
3.162277660168400506e-01
3.981071705535000893e-01
5.011872336272700235e-01
6.309573444801901410e-01
7.943282347242801578e-01
1.000000000000000222e+00
1.258925411794170168e+00
1.584893192461120481e+00
1.995262314968880402e+00
2.511886431509590345e+00
3.162277660168390625e+00
3.981071705534981131e+00
5.011872336272730877e+00
6.309573444801951148e+00
7.943282347242832664e+00
1.000000000000004263e+01
1.258925411794171367e+01
1.584893192461117373e+01
1.995262314968882578e+01
2.511886431509581641e+01
3.162277660168389914e+01
3.981071705534980509e+01
5.011872336272747930e+01
6.309573444801957720e+01
7.943282347242838171e+01
1.000000000000000284e+02
1.258925410000000227e+02
1.584893190000000516e+02
1.995262310000000525e+02
2.511886430000000701e+02
3.162277660000000878e+02
3.981071710000001076e+02
