4.898534109059484576e-11 5.552037462107876796e-11 6.295870424941741437e-11 7.078564936790644989e-11 7.852136161485673398e-11 8.621040648270484650e-11 9.371166907061571673e-11 1.002721725218695345e-10 1.039643493860105719e-10 1.076152372281052475e-10 1.078167298537428047e-10 1.045599388925144151e-10 1.012563363050597501e-10 9.510252044793301703e-11 8.784883400735477108e-11 8.044210136810502742e-11 7.284687208220813320e-11 6.503630244675993885e-11 5.765688746525069911e-11 5.110577381488480657e-11
5.624703324656071019e-11 6.430779951876271327e-11 7.374309320207120612e-11 8.381696890377642141e-11 9.383106447590760656e-11 1.042179289612700755e-10 1.144280426372337002e-10 1.234648914192208912e-10 1.288098380934939136e-10 1.341037212858350558e-10 1.343397507943288722e-10 1.295038316142775708e-10 1.246075621850664608e-10 1.160512349180142502e-10 1.061261810349175929e-10 9.608185538692114772e-11 8.622895941042857235e-11 7.616481008623419568e-11 6.678691302049669984e-11 5.869469057187458582e-11
6.427070053222598919e-11 7.413275963555433938e-11 8.605570487656148529e-11 9.898596899863242969e-11 1.119127162384395762e-10 1.260572045688210787e-10 1.400687520020664434e-10 1.526535854753787132e-10 1.606720907746743448e-10 1.686383648772239389e-10 1.689283015966676839e-10 1.615192335277896127e-10 1.540401575213476406e-10 1.420361866100595733e-10 1.283555283416813373e-10 1.146169445496104201e-10 1.018733293372159274e-10 8.893073552048966263e-11 7.704810391621351777e-11 6.712677298270083263e-11
7.304103558015923677e-11 8.500393727454245545e-11 9.999562330932456861e-11 1.164878778315797260e-10 1.331306714001113364e-10 1.524484523270852432e-10 1.717428652199546782e-10 1.894282083123841750e-10 2.017909973793297607e-10 2.140943016798601611e-10 2.145264111123824745e-10 2.030502610349132271e-10 1.914804739671702320e-10 1.745371106054754494e-10 1.556046893049936120e-10 1.367428941440361727e-10 1.202630311366323802e-10 1.036741859925146894e-10 8.864539410228518916e-11 7.657960299495363511e-11
8.263205433730115713e-11 9.708860414839923233e-11 1.159031686795795268e-10 1.370143397559522235e-10 1.584235803420036979e-10 1.849264341608582961e-10 2.116080994623132102e-10 2.366266641119861166e-10 2.558865401219993441e-10 2.751052850949116140e-10 2.756990062577128728e-10 2.576065703054265928e-10 2.394124195239169527e-10 2.152838321543066342e-10 1.889254452646949409e-10 1.628927409056613354e-10 1.416539729446550087e-10 1.203742937516891987e-10 1.014640796394083777e-10 8.692368790465404928e-11
9.276255046967148127e-11 1.100288487976758953e-10 1.335096154640362814e-10 1.603567940370314543e-10 1.877625936392964598e-10 2.247341481452536903e-10 2.622614387379987526e-10 2.987561534651408805e-10 3.313010247510329557e-10 3.637905600925554666e-10 3.646016135890027766e-10 3.336247772311990931e-10 3.024761082040374115e-10 2.670184890857199766e-10 2.297182846797745725e-10 1.931710639994594735e-10 1.659252825401975558e-10 1.388219897639050662e-10 1.151705856186434266e-10 9.785438465461065260e-11
1.026270136917348665e-10 1.227130891462259400e-10 1.512289734021110032e-10 1.843894639380250145e-10 2.184436272279428823e-10 2.688613628675962830e-10 3.204569655713759615e-10 3.731975882084507985e-10 4.288344458166967778e-10 4.844092634237577312e-10 4.855068603977769740e-10 4.319298791973410631e-10 3.780666018001173975e-10 3.265259778573523937e-10 2.750334912405731879e-10 2.249431828348085772e-10 1.909834121153383434e-10 1.574237417046611975e-10 1.285978635101716444e-10 1.084260503126789649e-10
1.118794294973255338e-10 1.346413783997355161e-10 1.682475925491227058e-10 2.079532619965823732e-10 2.489031659230763584e-10 3.156185323700187715e-10 3.842956322290969949e-10 4.589298910327769870e-10 5.520135768141622227e-10 6.452507964868765331e-10 6.467065659389501194e-10 5.560337579006882847e-10 4.650991069876291617e-10 3.918422571030823351e-10 3.231342746216251172e-10 2.566140401890384924e-10 2.156479668468238533e-10 1.753625888143328145e-10 1.412459459129469462e-10 1.182815976886907405e-10
1.198563504114159456e-10 1.449139579493456733e-10 1.832906855113702109e-10 2.292154392051571756e-10 2.768370473777657912e-10 3.629887933633361627e-10 4.522095961125722319e-10 5.576586674091367168e-10 7.154560091652205325e-10 8.738247343866018256e-10 8.757617671959627845e-10 7.206495100970085133e-10 5.653477809660915886e-10 4.614608922857234862e-10 3.720672677439925512e-10 2.859270065770649303e-10 2.381312852567553834e-10 1.913655158781720933e-10 1.521966105862256107e-10 1.267121826769906183e-10
1.240018479042328467e-10 1.501365281110953681e-10 1.910668281665329092e-10 2.403404917825637049e-10 2.915980891300204704e-10 3.931708967564478795e-10 4.987234687990105338e-10 6.478009207871321877e-10 9.412433124324488843e-10 1.235214225540472595e-09 1.237871779603630618e-09 9.480236416319223815e-10 6.571707743584736189e-10 5.094746877820316187e-10 4.033560075975673388e-10 3.013073767911042176e-10 2.498441517337855225e-10 1.996780380298503316e-10 1.579001281353718700e-10 1.312692515594220318e-10
1.240012709157364311e-10 1.501318847274814426e-10 1.910609758546408225e-10 2.403080155729088785e-10 2.915434675523607885e-10 3.935453897662577214e-10 4.995826321458008865e-10 6.489395663713244840e-10 9.419172349962505741e-10 1.235423589937739901e-09 1.237871449895918794e-09 9.480696908090641982e-10 6.572656752283107542e-10 5.095694237980129454e-10 4.034271969877667489e-10 3.013557613978742455e-10 2.499165775279057715e-10 1.997742165170726198e-10 1.580044531506505298e-10 1.313546733325327522e-10
1.198651151414327883e-10 1.449093283035530997e-10 1.832850667424409505e-10 2.291471347574398437e-10 2.767238202542569254e-10 3.639537654101101922e-10 4.543858593428000745e-10 5.605328943905162635e-10 7.171468602161152265e-10 8.743327040685800232e-10 8.757438530769314542e-10 7.207679301169849132e-10 5.656049529816322994e-10 4.617369675434321365e-10 3.722980906181973783e-10 2.861218363593512365e-10 2.383760382818020903e-10 1.916584474426686280e-10 1.524907922924643104e-10 1.269353535847074302e-10
1.119244895513305216e-10 1.346819461861613583e-10 1.682970487059574280e-10 2.079731955753510807e-10 2.488999787485247463e-10 3.159941244055360891e-10 3.851259461510671339e-10 4.600238612219617723e-10 5.525890266745772617e-10 6.453064071876728240e-10 6.465470423575152587e-10 5.559656183068270716e-10 4.651228459429099008e-10 3.919642214809654434e-10 3.233447380445996914e-10 2.569016277410325969e-10 2.159382332739798100e-10 1.756251048423759039e-10 1.414481941187584155e-10 1.183009268033203545e-10
1.026784961772177065e-10 1.227654577211853925e-10 1.512986791076052928e-10 1.844579195017770616e-10 2.185039774771026651e-10 2.689661274931578916e-10 3.206457781879139331e-10 3.734440172477012416e-10 4.289315447379489677e-10 4.843560705795178141e-10 4.853826155415510102e-10 4.318141243147051119e-10 3.779586225243614731e-10 3.265085582998894714e-10 2.751456742896600373e-10 2.251727693050925912e-10 1.911842590633728033e-10 1.575666013088068670e-10 1.286669510137055145e-10 1.082859314038911663e-10
9.280995969112613554e-11 1.100824331698241719e-10 1.335853658109215059e-10 1.604457052167632689e-10 1.878543210724036192e-10 2.247290239378927345e-10 2.621849190731182900e-10 2.986508668023682119e-10 3.312394243601310855e-10 3.637730031568792326e-10 3.645827652981201929e-10 3.335588356887528312e-10 3.023615622496796472e-10 2.669645818747701255e-10 2.297836904471884742e-10 1.933457403978355719e-10 1.660572205763755903e-10 1.388913382860444662e-10 1.151783474877022178e-10 9.768431042638448875e-11
8.266793752664903123e-11 9.712757147863863134e-11 1.159602630650809641e-10 1.370882217591348119e-10 1.585089746394717145e-10 1.849137541517587105e-10 2.115086651114326023e-10 2.364897529844818674e-10 2.558524703250687376e-10 2.751746610926937178e-10 2.757886592797971183e-10 2.576330843006185436e-10 2.393731843061613607e-10 2.152587606303556708e-10 1.889637325727777984e-10 1.629887545390275049e-10 1.417088280652775426e-10 1.203833607137755752e-10 1.014449703299202769e-10 8.681517972277650529e-11
7.306732290129903723e-11 8.503198303681419364e-11 1.000382861135052103e-10 1.165490935634840805e-10 1.332136341032016273e-10 1.524432869062602836e-10 1.716442276627120121e-10 1.892834803645358177e-10 2.017640849873188131e-10 2.141848613981530856e-10 2.146533760572343460e-10 2.031324681578296834e-10 1.915144201237087495e-10 1.745669628912537533e-10 1.556595719012588756e-10 1.368182460941024522e-10 1.203032005262392774e-10 1.036811510679355776e-10 8.864560703851598768e-11 7.656147593969158384e-11
6.429291458933757805e-11 7.415224673512938331e-11 8.608048103735356496e-11 9.901854137303666728e-11 1.119628386796094882e-10 1.260451702373246162e-10 1.399908173415876971e-10 1.525382702030256851e-10 1.606446975589164186e-10 1.686988112911330812e-10 1.690223644594030803e-10 1.615926209694038189e-10 1.540901906666788043e-10 1.420770841041976272e-10 1.283954779261467342e-10 1.146585014591729490e-10 1.018930980621285032e-10 8.893682824425529022e-11 7.705996652494319846e-11 6.715251079098692114e-11
5.626308932525532127e-11 6.432111146764405730e-11 7.375986708193099234e-11 8.383803585280588076e-11 9.386635693893776486e-11 1.042140755023833642e-10 1.143822476097868410e-10 1.233923007712445233e-10 1.287897259230477871e-10 1.341366096301301532e-10 1.343957598919442892e-10 1.295529580634000814e-10 1.246484184657404849e-10 1.160816916679316476e-10 1.061511701319405228e-10 9.610659720315987362e-11 8.624260793593282981e-11 7.617322450180679894e-11 6.680024557611004579e-11 5.871893095763429245e-11
4.899575779362817521e-11 5.552878903665135830e-11 6.296988683599060518e-11 7.079940092707078158e-11 7.854603474198872649e-11 8.621095599555858430e-11 9.368665249795013485e-11 1.002288846468177845e-10 1.039518410996777939e-10 1.076333436766352969e-10 1.078501471041596510e-10 1.045933904874845764e-10 1.012883591666102499e-10 9.512236473086297632e-11 8.785858786050830047e-11 8.045156672701031021e-11 7.285358987684485621e-11 6.504459322194042720e-11 5.767002769136525492e-11 5.112823515278058003e-11
