5.069907288998365402e-03
5.188000388443470001e-03
5.308844614773988724e-03
5.432503297924995422e-03
5.559042561799287796e-03
5.688529461622238159e-03
5.821032449603080750e-03
5.956621374934911728e-03
6.095369346439838409e-03
6.237348541617393494e-03
6.382635328918695450e-03
6.531305611133575439e-03
6.683439482003450394e-03
6.839116103947162628e-03
6.998419761657714844e-03
7.161434274166822433e-03
7.328245323151350021e-03
7.498941849917173386e-03
7.673614658415317535e-03
7.852356880903244019e-03
8.035261183977127075e-03
8.222426287829875946e-03
8.413950912654399872e-03
8.609937503933906555e-03
8.810488507151603699e-03
9.015711955726146698e-03
9.225714951753616333e-03
9.440609253942966461e-03
9.660509414970874786e-03
9.885531850159168243e-03
1.011579390615224838e-02
1.035142131149768829e-02
1.059253700077533722e-02
1.083926856517791748e-02
1.109174825251102448e-02
1.135010924190282822e-02
1.161448564380407333e-02
1.188502088189125061e-02
1.216185931116342545e-02
1.244514621794223785e-02
1.273503061383962631e-02
1.303166802972555161e-02
1.333521492779254913e-02
1.364583149552345276e-02
1.396368350833654404e-02
1.428893953561782837e-02
1.462177094072103500e-02
1.496235653758049011e-02
1.531087514013051987e-02
1.566751115024089813e-02
1.603245548903942108e-02
1.640589907765388489e-02
1.678803935647010803e-02
1.717908494174480438e-02
1.757923699915409088e-02
1.798870973289012909e-02
1.840772107243537903e-02
1.883649080991744995e-02
1.927524991333484650e-02
1.972422748804092407e-02
2.018366381525993347e-02
2.065380103886127472e-02
2.113489061594009399e-02
2.162718586623668671e-02
2.213094942271709442e-02
2.264644205570220947e-02
2.317394688725471497e-02
2.371373772621154785e-02
2.426609955728054047e-02
2.483133040368556976e-02
2.540972642600536346e-02
2.600159496068954468e-02
2.660725079476833344e-02
2.722701244056224823e-02
2.786121144890785217e-02
2.851018309593200684e-02
2.917427010834217072e-02
2.985382638871669769e-02
3.054921142756938934e-02
3.126079216599464417e-02
3.198894858360290527e-02
3.273406624794006348e-02
3.349654376506805420e-02
3.427677974104881287e-02
3.507518768310546875e-02
3.589219227433204651e-02
3.672822937369346619e-02
3.758373856544494629e-02
3.845917806029319763e-02
3.935500606894493103e-02
4.027170315384864807e-02
4.120974615216255188e-02
4.216964542865753174e-02
4.315190762281417847e-02
4.415704309940338135e-02
4.518559202551841736e-02
4.623810201883316040e-02
4.731512814760208130e-02
4.841724038124084473e-02
4.954501613974571228e-02
5.069907009601593018e-02
5.188000574707984924e-02
5.308844521641731262e-02
5.432503670454025269e-02
5.559042841196060181e-02
5.688529089093208313e-02
5.821032449603080750e-02
5.956621468067169189e-02
6.095368787646293640e-02
6.237348169088363647e-02
6.382634490728378296e-02
6.531305611133575439e-02
6.683439016342163086e-02
6.839116662740707397e-02
6.998419761657714844e-02
7.161433994770050049e-02
7.328245788812637329e-02
7.498942315578460693e-02
7.673614472150802612e-02
7.852356135845184326e-02
8.035261183977127075e-02
8.222426474094390869e-02
8.413951098918914795e-02
8.609937131404876709e-02
8.810488879680633545e-02
9.015711396932601929e-02
9.225714206695556641e-02
9.440609067678451538e-02
9.660508483648300171e-02
9.885530918836593628e-02
1.011579409241676331e-01
1.035142242908477783e-01
1.059253662824630737e-01
1.083926931023597717e-01
1.109174862504005432e-01
1.135010868310928345e-01
1.161448583006858826e-01
1.188502162694931030e-01
1.216185986995697021e-01
1.244514510035514832e-01
1.273503005504608154e-01
1.303166747093200684e-01
1.333521455526351929e-01
1.364583075046539307e-01
1.396368443965911865e-01
1.428893953561782837e-01
1.462177187204360962e-01
1.496235430240631104e-01
1.531087458133697510e-01
1.566751152276992798e-01
1.603245437145233154e-01
1.640589684247970581e-01
1.678804010152816772e-01
1.717908382415771484e-01
1.757923513650894165e-01
1.798871010541915894e-01
1.840772032737731934e-01
1.883648931980133057e-01
1.927524805068969727e-01
1.972422748804092407e-01
2.018366307020187378e-01
2.065380066633224487e-01
2.113489061594009399e-01
2.162718623876571655e-01
2.213094830513000488e-01
2.264644354581832886e-01
2.317394763231277466e-01
2.371373772621154785e-01
2.426610141992568970e-01
2.483133077621459961e-01
2.540972828865051270e-01
2.600159645080566406e-01
2.660725116729736328e-01
2.722701430320739746e-01
2.786121070384979248e-01
2.851018309593200684e-01
2.917427122592926025e-01
2.985382378101348877e-01
3.054921030998229980e-01
3.126079440116882324e-01
3.198894858360290527e-01
3.273406922817230225e-01
3.349654376506805420e-01
3.427678048610687256e-01
3.507518470287322998e-01
3.589219450950622559e-01
3.672823309898376465e-01
3.758374452590942383e-01
3.845917582511901855e-01
3.935500681400299072e-01
4.027170538902282715e-01
4.120975136756896973e-01
4.216965138912200928e-01
4.315190613269805908e-01
4.415704607963562012e-01
4.518559575080871582e-01
4.623810052871704102e-01
4.731512367725372314e-01
4.841723740100860596e-01
4.954501688480377197e-01
5.069906711578369141e-01
5.188000202178955078e-01
5.308844447135925293e-01
5.432503819465637207e-01
5.559042096138000488e-01
5.688529014587402344e-01
5.821031928062438965e-01
5.956621170043945312e-01
6.095369458198547363e-01
6.237348914146423340e-01
6.382634639739990234e-01
6.531305313110351562e-01
6.683439612388610840e-01
6.839116215705871582e-01
6.998419761657714844e-01
7.161434292793273926e-01
7.328245043754577637e-01
7.498942017555236816e-01
7.673615217208862305e-01
7.852356433868408203e-01
8.035261034965515137e-01
8.222426176071166992e-01
8.413951396942138672e-01
8.609938025474548340e-01
8.810487985610961914e-01
9.015710949897766113e-01
9.225714206695556641e-01
9.440608620643615723e-01
9.660509228706359863e-01
9.885531067848205566e-01
1.011579513549804688e+00
1.035142183303833008e+00
1.059253692626953125e+00
1.083927035331726074e+00
1.109174847602844238e+00
1.135010838508605957e+00
1.161448597908020020e+00
1.188502192497253418e+00
1.216185927391052246e+00
1.244514584541320801e+00
1.273503065109252930e+00
1.303166747093200684e+00
1.333521366119384766e+00
1.364583134651184082e+00
1.396368265151977539e+00
1.428894042968750000e+00
1.462177157402038574e+00
1.496235609054565430e+00
1.531087398529052734e+00
1.566751003265380859e+00
1.603245377540588379e+00
1.640589714050292969e+00
1.678804039955139160e+00
1.717908501625061035e+00
1.757923603057861328e+00
1.798870801925659180e+00
1.840771913528442383e+00
1.883649110794067383e+00
1.927524924278259277e+00
1.972422719001770020e+00
2.018366336822509766e+00
2.065380096435546875e+00
2.113488912582397461e+00
2.162718534469604492e+00
2.213094711303710938e+00
2.264644384384155273e+00
2.317394733428955078e+00
2.371373891830444336e+00
2.426609992980957031e+00
2.483133077621459961e+00
2.540972709655761719e+00
2.600159645080566406e+00
2.660725116729736328e+00
2.722701072692871094e+00
2.786121129989624023e+00
2.851018428802490234e+00
2.917427062988281250e+00
2.985382795333862305e+00
3.054921388626098633e+00
3.126079320907592773e+00
3.198894977569580078e+00
3.273406982421875000e+00
3.349654436111450195e+00
3.427677869796752930e+00
3.507518768310546875e+00
3.589219331741333008e+00
3.672822952270507812e+00
3.758373975753784180e+00
3.845917701721191406e+00
3.935500621795654297e+00
4.027170181274414062e+00
4.120975494384765625e+00
4.216965198516845703e+00
4.315190792083740234e+00
4.415704727172851562e+00
4.518559455871582031e+00
4.623810768127441406e+00
4.731512546539306641e+00
4.841723442077636719e+00
4.954502105712890625e+00
5.069906711578369141e+00
5.188000679016113281e+00
5.308844566345214844e+00
5.432503223419189453e+00
5.559042453765869141e+00
5.688529491424560547e+00
5.821032047271728516e+00
5.956621170043945312e+00
6.095368862152099609e+00
6.237348556518554688e+00
6.382635116577148438e+00
6.531305789947509766e+00
6.683439254760742188e+00
6.839116573333740234e+00
6.998419761657714844e+00
7.161434173583984375e+00
7.328245162963867188e+00
7.498942375183105469e+00
7.673615455627441406e+00
7.852356433868408203e+00
8.035261154174804688e+00
8.222426414489746094e+00
8.413950920104980469e+00
8.609937667846679688e+00
8.810488700866699219e+00
9.015710830688476562e+00
9.225713729858398438e+00
9.440608024597167969e+00
9.660509109497070312e+00
9.885531425476074219e+00
1.011579513549804688e+01
1.035142230987548828e+01
1.059253692626953125e+01
1.083926868438720703e+01
1.109174823760986328e+01
1.135010814666748047e+01
1.161448669433593750e+01
1.188502216339111328e+01
1.216185951232910156e+01
1.244514656066894531e+01
1.273503017425537109e+01
1.303166770935058594e+01
1.333521366119384766e+01
1.364583206176757812e+01
1.396368312835693359e+01
1.428894042968750000e+01
1.462177276611328125e+01
1.496235656738281250e+01
1.531087493896484375e+01
1.566751098632812500e+01
1.603245353698730469e+01
1.640589904785156250e+01
1.678804016113281250e+01
1.717908477783203125e+01
1.757923698425292969e+01
1.798870849609375000e+01
1.840771865844726562e+01
1.883649063110351562e+01
1.927524948120117188e+01
1.972422599792480469e+01
2.018366432189941406e+01
2.065380096435546875e+01
2.113489151000976562e+01
2.162718582153320312e+01
2.213094711303710938e+01
2.264644050598144531e+01
2.317394447326660156e+01
2.371373558044433594e+01
2.426609992980957031e+01
2.483132934570312500e+01
2.540972709655761719e+01
2.600159645080566406e+01
2.660725021362304688e+01
2.722701263427734375e+01
2.786121368408203125e+01
2.851018333435058594e+01
2.917426872253417969e+01
2.985382652282714844e+01
3.054920959472656250e+01
3.126079368591308594e+01
3.198895072937011719e+01
3.273406982421875000e+01
3.349654388427734375e+01
3.427677917480468750e+01
3.507518768310546875e+01
3.589219665527343750e+01
3.672822952270507812e+01
3.758374404907226562e+01
3.845917892456054688e+01
3.935500717163085938e+01
4.027170562744140625e+01
4.120975494384765625e+01
4.216965103149414062e+01
4.315190887451171875e+01
4.415704727172851562e+01
4.518559265136718750e+01
4.623810577392578125e+01
4.731512832641601562e+01
4.841724014282226562e+01
4.954502105712890625e+01
5.069906997680664062e+01
5.188000106811523438e+01
5.308844375610351562e+01
5.432503128051757812e+01
5.559042739868164062e+01
5.688529205322265625e+01
5.821031951904296875e+01
5.956621170043945312e+01
6.095368576049804688e+01
6.237348556518554688e+01
6.382634735107421875e+01
6.531305694580078125e+01
6.683438873291015625e+01
6.839116668701171875e+01
6.998419952392578125e+01
7.161434173583984375e+01
7.328245544433593750e+01
7.498942565917968750e+01
7.673614501953125000e+01
7.852355957031250000e+01
8.035260772705078125e+01
8.222426605224609375e+01
8.413951110839843750e+01
8.609937286376953125e+01
8.810488891601562500e+01
9.015711212158203125e+01
9.225714111328125000e+01
9.440608215332031250e+01
9.660509490966796875e+01
9.885531616210937500e+01
1.011579437255859375e+02
1.035142135620117188e+02
1.059253692626953125e+02
1.083926925659179688e+02
1.109174728393554688e+02
1.135010757446289062e+02
1.161448593139648438e+02
1.188502197265625000e+02
1.216185913085937500e+02
1.244514617919921875e+02
1.273503036499023438e+02
1.303166656494140625e+02
1.333521423339843750e+02
1.364583129882812500e+02
1.396368255615234375e+02
1.428893890380859375e+02
1.462177124023437500e+02
1.496235656738281250e+02
1.531087493896484375e+02
1.566751098632812500e+02
1.603245544433593750e+02
1.640589904785156250e+02
1.678804016113281250e+02
1.717908477783203125e+02
1.757923583984375000e+02
1.798871002197265625e+02
1.840772094726562500e+02
1.883648834228515625e+02
1.927524871826171875e+02
1.972422790527343750e+02
2.018366394042968750e+02
2.065380096435546875e+02
2.113489074707031250e+02
2.162718658447265625e+02
2.213094635009765625e+02
2.264644317626953125e+02
2.317394561767578125e+02
2.371373596191406250e+02
2.426609954833984375e+02
2.483133087158203125e+02
2.540972595214843750e+02
2.600159606933593750e+02
2.660725097656250000e+02
2.722701110839843750e+02
2.786121215820312500e+02
2.851018066406250000e+02
2.917426757812500000e+02
2.985382385253906250e+02
3.054921264648437500e+02
3.126079101562500000e+02
3.198894958496093750e+02
3.273406982421875000e+02
3.349654235839843750e+02
3.427677917480468750e+02
3.507518310546875000e+02
3.589219360351562500e+02
3.672823181152343750e+02
3.758374023437500000e+02
3.845917663574218750e+02
3.935500488281250000e+02
4.027170715332031250e+02
4.120975341796875000e+02
4.216965026855468750e+02
4.315191040039062500e+02
4.415704345703125000e+02
4.518559265136718750e+02
4.623810424804687500e+02
4.731512451171875000e+02
4.841723632812500000e+02
4.954501953125000000e+02
