8.912509381337453684e-03
1.122018454301814371e-02
1.412537544622653740e-02
1.778279410039030131e-02
2.238721138568714603e-02
2.818382931264116348e-02
3.548133892335778028e-02
4.466835921509879070e-02
5.623413251903551513e-02
7.079457843841542586e-02
8.912509381337455072e-02
1.122018454301993984e-01
1.412537544622743946e-01
1.778279410038942632e-01
2.238721138568358360e-01
2.818382931264475366e-01
3.548133892335782469e-01
4.466835921509612062e-01
5.623413251903467414e-01
7.079457843841373554e-01
8.912509381337458958e-01
1.122018454301966450e+00
1.412537544622761265e+00
1.778279410038924757e+00
2.238721138568349200e+00
2.818382931264463487e+00
3.548133892335763928e+00
4.466835921509639817e+00
5.623413251903508048e+00
7.079457843841394649e+00
8.912509381337494929e+00
1.122018454301967516e+01
1.412537544622758290e+01
1.778279410038926400e+01
2.238721138568342184e+01
2.818382931264466507e+01
3.548133892335760464e+01
4.466835921509653673e+01
5.623413251903513554e+01
7.079457843841402109e+01
8.912509381337459047e+01
1.122018452702910594e+02
1.412537542429286077e+02
1.778279405610405490e+02
2.238721137222927098e+02
2.818382931114386452e+02
3.548133896315216020e+02
