2.770055778668453728e+23 3.139603218614416321e+23 3.560230849491039934e+23 4.002834168608361997e+23 4.440278390383826530e+23 4.875083634042997288e+23 5.299270039941914789e+23 5.670257769975485196e+23 5.879045452793999608e+23 6.085498296422488028e+23 6.096892435966686816e+23 5.912725245921376799e+23 5.725910920777076237e+23 5.377920832387789860e+23 4.967734527790828843e+23 4.548893664552554972e+23 4.119393567068287622e+23 3.677716259700928183e+23 3.260420173614330518e+23 2.889963424311546500e+23
3.180694795805087844e+23 3.636520389660062431e+23 4.170073677419057565e+23 4.739737927576825826e+23 5.306021691048387517e+23 5.893385039947241871e+23 6.470753366048272737e+23 6.981775125459943387e+23 7.284024739162999195e+23 7.583386780991384904e+23 7.596733935249848753e+23 7.323269148200590513e+23 7.046391634962084937e+23 6.562542727052223201e+23 6.001294152471075514e+23 5.433300918482910241e+23 4.876132777388907451e+23 4.307018540921551711e+23 3.776710955420391938e+23 3.319106556695891222e+23
3.634422491395993119e+23 4.192108795105118005e+23 4.866335464314544062e+23 5.597524674262271986e+23 6.328515009203296168e+23 7.128366980498530815e+23 7.920701321169285604e+23 8.632356888124641384e+23 9.085792680263326043e+23 9.536274867810271127e+23 9.552670403030857223e+23 9.133697474358443057e+23 8.710765690083842919e+23 8.031957127165296436e+23 7.258334127945525924e+23 6.481435517531365227e+23 5.760801054765560040e+23 5.028914617011128731e+23 4.356967630251588216e+23 3.795929583509569284e+23
4.130373254205941083e+23 4.806859407622381901e+23 5.654619280434714148e+23 6.587234302103209902e+23 7.528362106285198200e+23 8.620756881874285054e+23 9.711830226266488413e+23 1.071191281710353485e+24 1.141101206869427121e+24 1.210674753599194085e+24 1.213118274872959876e+24 1.148222175078191727e+24 1.082796570578076473e+24 9.869841080225113938e+23 8.799237878124422690e+23 7.732628490123194464e+23 6.800714192111125639e+23 5.862637099457747542e+23 5.012778939953599669e+23 4.330474527307846847e+23
4.672732587427761477e+23 5.490231219718173355e+23 6.554169778527821407e+23 7.747978377847597968e+23 8.958642410840961015e+23 1.045734348625756037e+24 1.196615611279622462e+24 1.338092261311815052e+24 1.447004294279609285e+24 1.555683736712219791e+24 1.559041150790226810e+24 1.456730835818383124e+24 1.353845337038090823e+24 1.217401389958729916e+24 1.068348223655543000e+24 9.211367486741962042e+23 8.010343453585239148e+23 6.807005944764597304e+23 5.737658529571470416e+23 4.915418748195475921e+23
5.245598647507902005e+23 6.221984815182971740e+23 7.549790888257462028e+23 9.067963069799092296e+23 1.061772452633122787e+24 1.270841667883000608e+24 1.483053496666535687e+24 1.689426246493496561e+24 1.873463157872307384e+24 2.057187151857759013e+24 2.061773551328751992e+24 1.886603668569119452e+24 1.710462094956423314e+24 1.509953982631819589e+24 1.299026295981411188e+24 1.092356631984286131e+24 9.382853676115716483e+23 7.850198577582027645e+23 6.512743182404960146e+23 5.533535087144542803e+23
5.803420900928640401e+23 6.939261708499669368e+23 8.551796973299966358e+23 1.042697853552706860e+24 1.235269610141062783e+24 1.520375188354163888e+24 1.812141447895281148e+24 2.110382642615575722e+24 2.425001660251172090e+24 2.739269849945256195e+24 2.745476614607582924e+24 2.442505923634128061e+24 2.137916265809231550e+24 1.846460903837187011e+24 1.555277752030567346e+24 1.272023731204092420e+24 1.079985752026305815e+24 8.902102867919651587e+23 7.272037858876165749e+23 6.131348696161251167e+23
6.326632688339071124e+23 7.613790574496624924e+23 9.514177213256866768e+23 1.175947992321294147e+24 1.407514243534520213e+24 1.784780752734797924e+24 2.173140603031636756e+24 2.595187393526405509e+24 3.121563235682154627e+24 3.648807291539040913e+24 3.657039473847759727e+24 3.144296824143710016e+24 2.630073487866316095e+24 2.215815761305955421e+24 1.827281273893855636e+24 1.451118210238582618e+24 1.219460523133602523e+24 9.916520773204719415e+23 7.987270068530196901e+23 6.688666770365777749e+23
6.777716938894589265e+23 8.194691262533122424e+23 1.036484407933124055e+24 1.296182771813303380e+24 1.565476621710261232e+24 2.052653267818224294e+24 2.557185021054115520e+24 3.153485470937791790e+24 4.045808416248230918e+24 4.941362458933200484e+24 4.952316121411772872e+24 4.075176972120921259e+24 3.196966383731456589e+24 2.609499868422875138e+24 2.103990830974356739e+24 1.616879129985769714e+24 1.346600693434532495e+24 1.082146497899915561e+24 8.606515566941151020e+23 7.165405119930508195e+23
7.012139299334941185e+23 8.490020647487303571e+23 1.080457458682829476e+24 1.359093462019668250e+24 1.648948346301049146e+24 2.223329041539661790e+24 2.820214774353221462e+24 3.663227904720404562e+24 5.322605536040947125e+24 6.984971885821598127e+24 7.000000000000000419e+24 5.360947394364522357e+24 3.716213178381293729e+24 2.881011485386770865e+24 2.280924486449687123e+24 1.703853074518820306e+24 1.412835392932621452e+24 1.129152703244042053e+24 8.929041885917482393e+23 7.423101294143592706e+23
7.012106671404154104e+23 8.489758070330016295e+23 1.080424364638745475e+24 1.358909813380665682e+24 1.648639468556263436e+24 2.225446749618852617e+24 2.825073228618539985e+24 3.669666793804617828e+24 5.326416478356895376e+24 6.986155813595877887e+24 6.999998135546814887e+24 5.361207796326423828e+24 3.716749830157193024e+24 2.881547204936078467e+24 2.281327052967162602e+24 1.704126683024136478e+24 1.413244951149550730e+24 1.129696579776045621e+24 8.934941326546013772e+23 7.427931781611095494e+23
6.778212572700357993e+23 8.194429462231329119e+23 1.036452634543381283e+24 1.295796519261221979e+24 1.564836337411336712e+24 2.058110056185741051e+24 2.569491499691566250e+24 3.169738841602804683e+24 4.055369953679880330e+24 4.944234959811269007e+24 4.952214819455232247e+24 4.075846621557554420e+24 3.198420657217973009e+24 2.611061037225495222e+24 2.105296103576944683e+24 1.617980866448685521e+24 1.347984739184307696e+24 1.083802986871763694e+24 8.623151150509671024e+23 7.178025137445713834e+23
6.329180774362455443e+23 7.616084628773166394e+23 9.516973893038630765e+23 1.176060714053609042e+24 1.407496220487037787e+24 1.786904675657948041e+24 2.177835917643019337e+24 2.601373649203665612e+24 3.124817327979335084e+24 3.649121762643389394e+24 3.656137389247041903e+24 3.143911503818222723e+24 2.630207728495841390e+24 2.216505453614358556e+24 1.828471416512094688e+24 1.452744479531678069e+24 1.221101941108849081e+24 9.931365704857415791e+23 7.998706935126619167e+23 6.689759806047150334e+23
5.806332166895906167e+23 6.942223081646358056e+23 8.555738738081260791e+23 1.043084960645832436e+24 1.235610882759987516e+24 1.520967618354600688e+24 1.813209158087518846e+24 2.111776166002388653e+24 2.425550741714991577e+24 2.738969051497618261e+24 2.744774026497964020e+24 2.441851345194097012e+24 2.137305657390213261e+24 1.846362398560429248e+24 1.555912132227730701e+24 1.273322012107226565e+24 1.081121514759899463e+24 8.910181388211471652e+23 7.275944665160189844e+23 6.123425158540669737e+23
5.248279575820919919e+23 6.225014940040960819e+23 7.554074469456529525e+23 9.072990878562306857e+23 1.062291159047090530e+24 1.270812691173039355e+24 1.482620788155857326e+24 1.688830864442178641e+24 1.873114815868379588e+24 2.057087869725507009e+24 2.061666966754846990e+24 1.886230777931551277e+24 1.709814352844747539e+24 1.509649144535607633e+24 1.299396156882548980e+24 1.093344403746094943e+24 9.390314596289063923e+23 7.854120144120455994e+23 6.513182105759597797e+23 5.523917616117257360e+23
4.674761733980530399e+23 5.492434770329555037e+23 6.557398389964766571e+23 7.752156306699355108e+23 8.963471344597473176e+23 1.045662644863573722e+24 1.196053323272388811e+24 1.337318047125563633e+24 1.446811634116865638e+24 1.556076048737161689e+24 1.559548126686220411e+24 1.456880768928905439e+24 1.353623467108737598e+24 1.217259613830904371e+24 1.068564733281981109e+24 9.216796929796059316e+23 8.013445437576509873e+23 6.807518669391254887e+23 5.736577923578017486e+23 4.909282755068739547e+23
4.131859767195496926e+23 4.808445358115291629e+23 5.657031805174231272e+23 6.590695970188637860e+23 7.533053536619105553e+23 8.620464784208190610e+23 9.706252403812859988e+23 1.070372864446440443e+24 1.140949020877969334e+24 1.211186856741454343e+24 1.213836244721378213e+24 1.148687045406360382e+24 1.082988531570874740e+24 9.871529187215605781e+23 8.802341415826685386e+23 7.736889542512907251e+23 6.802985717578313740e+23 5.863030965193678457e+23 5.012790981213770324e+23 4.329449466482281352e+23
3.635678666731301110e+23 4.193210764624683346e+23 4.867736523199657646e+23 5.599366598640761506e+23 6.331349366476565444e+23 7.127686455084968627e+23 7.916294219946523581e+23 8.625835963100164837e+23 9.084243630406426952e+23 9.539693031987981635e+23 9.557989532604669572e+23 9.137847436412380974e+23 8.713594997796395339e+23 8.034269825973714703e+23 7.260593223724794370e+23 6.483785505403541117e+23 5.761918949822770593e+23 5.029259152423132710e+23 4.357638444971464348e+23 3.797385022279328675e+23
3.181602745664791128e+23 3.637273162634653923e+23 4.171022217978371543e+23 4.740929235478307311e+23 5.308017432814874714e+23 5.893167131980912331e+23 6.468163718255909253e+23 6.977670221024710864e+23 7.282887422718416530e+23 7.585246573046257922e+23 7.599901175102697667e+23 7.326047183450476370e+23 7.048702003204018605e+23 6.564265015684491410e+23 6.002707252616362438e+23 5.434700035229287553e+23 4.876904583323124069e+23 4.307494364912199999e+23 3.777464893678225059e+23 3.320477318216702996e+23
2.770644829347487993e+23 3.140079042605063938e+23 3.560863209863916814e+23 4.003611800958790785e+23 4.441673622852727944e+23 4.875114708262795755e+23 5.297855386085639921e+23 5.667809898310947391e+23 5.878338125865861838e+23 6.086522191964811223e+23 6.098782136958114658e+23 5.914616889051540913e+23 5.727721770935767961e+23 5.379043000150222627e+23 4.968286095192232663e+23 4.549428917988563238e+23 4.119773449405310939e+23 3.678185091992120658e+23 3.261163235895233940e+23 2.891233583045763767e+23
