62
199
109
128
84
24
166
48
86
67
86
136
86
194
177
87
57
86
110
142
89
137
177
100
87
111
85
62
86
108
142
112
176
138
176
36
107
88
64
152
109
67
111
57
75
107
115
86
107
110
84
132
21
27
192
110
87
85
90
22
72
107
87
113
60
156
190
95
92
173
51
170
102
42
88
188
22
139
186
37
110
109
145
34
83
181
80
183
88
88
99
121
110
171
97
30
122
63
71
27
125
164
112
103
179
86
17
118
128
48
43
131
134
20
187
100
186
147
175
103
148
47
120
92
32
31
109
87
179
91
111
88
109
57
109
110
173
178
109
85
87
128
87
62
193
110
108
57
29
159
83
149
110
125
164
36
88
24
101
150
89
109
173
149
30
86
132
83
49
158
104
46
109
64
115
35
131
49
60
86
111
170
87
45
182
12
48
69
136
