# CR background for CTA
# 1st column: reconstructed energy [TeV]
# 2nd column: background spectrum [1/TeV/s/sr]
1.584893278777599335e-02 3.448144921875000000e+04
2.511886134743690491e-02 2.988645000000000000e+05
3.981071338057518005e-02 1.612751406250000000e+05
6.309573352336883545e-02 5.723326953125000000e+04
9.999999403953552246e-02 3.953574218750000000e+04
1.584893167018890381e-01 1.280705761718750000e+04
2.511886358261108398e-01 4.251040039062500000e+03
3.981071412563323975e-01 1.372089477539062500e+03
6.309573650360107422e-01 4.501807250976562500e+02
9.999999403953552246e-01 1.281725921630859375e+02
1.584893226623535156e+00 4.667121887207031250e+01
2.511886119842529297e+00 1.720590209960937500e+01
3.981071472167968750e+00 6.721164703369140625e+00
6.309573173522949219e+00 3.021825551986694336e+00
1.000000000000000000e+01 5.657389163970947266e-01
1.584893131256103516e+01 2.925312817096710205e-01
2.511886405944824219e+01 6.383498013019561768e-02
3.981071853637695312e+01 3.389552235603332520e-02
6.309573364257812500e+01 4.627437796443700790e-03
9.999999237060546875e+01 2.194150816649198532e-03
1.584893188476562500e+02 9.278293582610785961e-04
