3.000000000000000279e-04 8.442754786543489899e+03
3.027786572961142049e-04 8.418459253855775387e+03
3.055830510467925573e-04 8.394144669019482535e+03
3.084134196279929470e-04 8.369810854450137413e+03
3.112700036235557669e-04 8.345457666086625977e+03
3.141530458456560601e-04 8.321084994033239127e+03
3.170627913554411995e-04 8.296692763216797175e+03
3.199994874838616105e-04 8.272280934059161154e+03
3.229633838526947513e-04 8.247849503165349233e+03
3.259547323957614866e-04 8.223398504027665695e+03
3.289737873803429830e-04 8.198928007745997093e+03
3.320208054287920570e-04 8.174438123764696684e+03
3.350960455403467807e-04 8.149929000626352718e+03
3.381997691131461824e-04 8.125400826742684330e+03
3.413322399664473926e-04 8.100853831182978865e+03
3.444937243630533412e-04 8.076288284480317998e+03
3.476844910319432016e-04 8.051704499456031044e+03
3.509048111911153918e-04 8.027102832062587368e+03
3.541549585706416699e-04 8.002483682245406271e+03
3.574352094359328118e-04 7.977847494823847228e+03
3.607458426112236769e-04 7.953194760391782438e+03
3.640871395032721329e-04 7.928526016238125521e+03
3.674593841252792124e-04 7.903841847287689234e+03
3.708628631210307168e-04 7.879142887062710543e+03
3.742978657892609201e-04 7.854429818665554194e+03
3.777646841082452555e-04 7.829703375782830335e+03
3.812636127606174323e-04 7.804964343711470974e+03
3.847949491584179752e-04 7.780213560407124533e+03
3.883589934683748376e-04 7.755451917555260479e+03
3.919560486374164135e-04 7.730680361665502460e+03
3.955864204184245374e-04 7.705899895189530980e+03
3.992504173962223768e-04 7.681111577663063144e+03
4.029483510138045892e-04 7.656316363377637572e+03
4.066805355988107207e-04 7.631514340960289701e+03
4.104472883902415738e-04 7.606705316328167100e+03
4.142489295654276519e-04 7.581889130091005427e+03
4.180857822672426338e-04 7.557065658528437780e+03
4.219581726315709317e-04 7.532234814254627963e+03
4.258664298150304688e-04 7.507396546898577071e+03
4.298108860229492702e-04 7.482550843800340772e+03
4.337918765376058390e-04 7.457697730723504719e+03
4.378097397467268690e-04 7.432837272584209131e+03
4.418648171722505311e-04 7.407969574197039947e+03
4.459574534993571257e-04 7.383094781038030305e+03
4.500879966057654718e-04 7.358213080025260751e+03
4.542567975913056055e-04 7.333324700317143652e+03
4.584642108077607945e-04 7.308429914128983910e+03
4.627105938889887341e-04 7.283529037567939667e+03
4.669963077813186732e-04 7.258622431486903224e+03
4.713217167742351490e-04 7.233710502357493169e+03
4.756871885313411746e-04 7.208793703162650672e+03
4.800930941216100412e-04 7.183872534309172806e+03
4.845398080509273077e-04 7.158947544560478491e+03
4.890277082939223797e-04 7.134019331990125465e+03
4.935571763260987324e-04 7.109088544956339319e+03
4.981285971562589288e-04 7.084155883098035702e+03
5.027423593592301228e-04 7.059222098352708599e+03
5.073988551088945507e-04 7.034287995996592144e+03
5.120984802115223500e-04 7.009354435707532502e+03
5.168416341394181483e-04 6.984422332650984572e+03
5.216287200648751310e-04 6.959492658589574603e+03
5.264601448944450455e-04 6.934566443016692574e+03
5.313363193035266357e-04 6.909644774314516326e+03
5.362576577712706641e-04 6.884728726716793972e+03
5.412245786158148553e-04 6.859818512636532432e+03
5.462375040298386806e-04 6.834913763671694142e+03
5.512968601164511002e-04 6.810014132671400148e+03
5.564030769254098546e-04 6.785119305855610037e+03
5.615565884896738229e-04 6.760229003401411319e+03
5.667578328622999411e-04 6.735342980043547868e+03
5.720072521536755713e-04 6.710461025689575763e+03
5.773052925690991179e-04 6.685582966049775678e+03
5.826524044467079133e-04 6.660708663282215639e+03
5.880490422957557585e-04 6.635838016653180603e+03
5.934956648352493350e-04 6.610970963213231698e+03
5.989927350329379580e-04 6.586107478489259847e+03
6.045407201446676218e-04 6.561247577192770223e+03
6.101400917540946746e-04 6.536391313944728608e+03
6.157913258127757118e-04 6.511538784017238868e+03
6.214949026806206771e-04 6.486690124092419865e+03
6.272513071667250003e-04 6.461845513038771969e+03
6.330610285705789292e-04 6.437005172705341465e+03
6.389245607236563327e-04 6.412169368734067575e+03
6.448424020313941411e-04 6.387338411390578585e+03
6.508150555155552694e-04 6.362512656413853620e+03
6.568430288569861901e-04 6.337692505885055652e+03
6.629268344387709982e-04 6.312878409115929571e+03
6.690669893897815360e-04 6.288070863557081793e+03
6.752640156286385384e-04 6.263270415726564352e+03
6.815184399080715478e-04 6.238477662159123611e+03
6.878307938596946213e-04 6.213693250376491960e+03
6.942016140391962017e-04 6.188917879879132670e+03
7.006314419719438056e-04 6.164152303159852636e+03
7.071208241990183802e-04 6.139397326739628625e+03
7.136703123236680293e-04 6.114653798469336834e+03
7.202804630581955293e-04 6.089922120992926466e+03
7.269518382712801758e-04 6.065202110888723837e+03
7.336850050357339621e-04 6.040493580877492604e+03
7.404805356767077016e-04 6.015796380274618969e+03
7.473390078203365769e-04 5.991110395640186653e+03
7.542610044428391027e-04 5.966435551444546036e+03
7.612471139200714535e-04 5.941771810749659380e+03
7.682979300775378065e-04 5.917119175906552300e+03
7.754140522408690603e-04 5.892477689269097937e+03
7.825960852867643990e-04 5.867847433924534926e+03
7.898446396944060026e-04 5.843228534440925614e+03
7.971603315973518900e-04 5.818621157631971982e+03
8.045437828359046188e-04 5.794025513339401186e+03
8.119956210099723215e-04 5.769441855233352726e+03
8.195164795324128611e-04 5.744870481631026450e+03
8.271069976828748782e-04 5.720311736333971567e+03
8.347678206621377862e-04 5.695766009484344067e+03
8.424995996469518021e-04 5.671233738440511843e+03
8.503029918453927551e-04 5.646715408672330341e+03
8.581786605527225685e-04 5.622211554676468950e+03
8.661272752077703741e-04 5.597722760912226477e+03
8.741495114498365384e-04 5.573249662758085833e+03
8.822460511761190567e-04 5.548792947489538165e+03
8.904175825996807478e-04 5.524353355278472918e+03
8.986648003079440207e-04 5.499931680214594962e+03
9.069884053217328393e-04 5.475528771349248927e+03
9.153891051548611237e-04 5.451145533762096420e+03
9.238676138742679157e-04 5.426782929651067207e+03
9.324246521607191477e-04 5.402441979445993638e+03
9.410609473700628971e-04 5.378123762946422175e+03
9.497772335950561235e-04 5.353829419198695177e+03
9.585742517277640821e-04 5.329559757747456388e+03
9.674527495225325197e-04 5.305314700317338975e+03
9.764134816595544490e-04 5.281094068373123264e+03
9.854572098090129580e-04 5.256897720486012076e+03
9.945847026958270533e-04 5.232725552973514823e+03
1.003796736164992405e-03 5.208577500554690232e+03
1.013094093247527295e-03 5.184453537021005104e+03
1.022477564227035687e-03 5.160353675923099217e+03
1.031947946706877461e-03 5.136277971273761068e+03
1.041506045677967904e-03 5.112226518267394567e+03
1.051152673587202584e-03 5.088199454016299569e+03
1.060888650406512784e-03 5.064196958304067266e+03
1.070714803702568860e-03 5.040219254356390593e+03
1.080631968707121112e-03 5.016266609629638879e+03
1.090640988387995289e-03 4.992339336617527806e+03
1.100742713520748168e-03 4.968437793676179353e+03
1.110938002760978194e-03 4.944562385867970988e+03
1.121227722717319181e-03 4.920713565824454236e+03
1.131612748025099266e-03 4.896891834628772813e+03
1.142093961420685092e-03 4.873097742717881374e+03
1.152672253816518352e-03 4.849331890804971408e+03
1.163348524376837338e-03 4.825594930822453534e+03
1.174123680594115144e-03 4.801887566885900014e+03
1.184998638366192847e-03 4.778210556279328557e+03
1.195974322074131509e-03 4.754564710462231233e+03
1.207051664660787997e-03 4.730950896098739577e+03
1.218231607710109623e-03 4.707370036109380635e+03
1.229515101527178409e-03 4.683823110745777740e+03
1.240903105218982196e-03 4.660311158688786236e+03
1.252396586775940575e-03 4.636835278170492529e+03
1.263996523154186724e-03 4.613396628120483001e+03
1.275703900358604505e-03 4.589996217703079310e+03
1.287519713526647262e-03 4.566634084596978028e+03
1.299444967012919469e-03 4.543309994182121045e+03
1.311480674474550714e-03 4.520023747593696498e+03
1.323627858957357028e-03 4.496775182378676618e+03
1.335887552982796501e-03 4.473564173099783147e+03
1.348260798635742604e-03 4.450390631954068340e+03
1.360748647653055917e-03 4.427254509406444413e+03
1.373352161512984837e-03 4.404155794838361544e+03
1.386072411525393969e-03 4.381094517211955463e+03
1.398910478922819325e-03 4.358070745749955677e+03
1.411867454952384386e-03 4.335084590631580795e+03
1.424944440968549907e-03 4.312136203704796571e+03
1.438142548526732175e-03 4.289225779215174953e+03
1.451462899477787109e-03 4.266353554551687012e+03
1.464906626063364106e-03 4.243519811009743535e+03
1.478474871012153916e-03 4.220724874571771579e+03
1.492168787637018854e-03 4.197969116705692613e+03
1.505989539933023751e-03 4.175252955181594189e+03
1.519938302676380462e-03 4.152576854906963490e+03
1.534016261524297903e-03 4.129941328780807453e+03
1.548224613115772516e-03 4.107346938566990502e+03
1.562564565173297929e-03 4.084794295787203282e+03
1.577037336605525888e-03 4.062284062633857047e+03
1.591644157610872402e-03 4.039816952903331639e+03
1.606386269782082103e-03 4.017393732949924015e+03
1.621264926211774459e-03 3.995015222660874315e+03
1.636281391598950813e-03 3.972682296452882838e+03
1.651436942356490200e-03 3.950395884290538561e+03
1.666732866719663250e-03 3.928156972726969343e+03
1.682170464855609711e-03 3.905966605967296346e+03
1.697751048973872648e-03 3.883825808851816873e+03
1.713475943437930537e-03 3.861734849379894058e+03
1.729346484877761951e-03 3.839693554256902189e+03
1.745364022303480577e-03 3.817701779732196428e+03
1.761529917219976579e-03 3.795759418455925243e+03
1.777845543742665813e-03 3.773866400068969142e+03
1.794312288714283330e-03 3.752022691807200317e+03
1.810931551822759144e-03 3.730228299120320116e+03
1.827704745720213535e-03 3.708483266305433062e+03
1.844633296143006855e-03 3.686787677155818074e+03
1.861718642032950295e-03 3.665141655624950999e+03
1.878962235659607577e-03 3.643545366506243226e+03
1.896365542743734403e-03 3.621999016128670064e+03
1.913930042581884735e-03 3.600502853068608147e+03
1.931657228172125977e-03 3.579057168878225639e+03
1.949548606340966318e-03 3.557662298830641248e+03
1.967605697871430658e-03 3.536318622682222212e+03
1.985830037632318329e-03 3.515026565452347313e+03
2.004223174708684441e-03 3.493786598220874566e+03
2.022786672533502354e-03 3.472599238943740602e+03
2.041522109020562151e-03 3.451465053286950024e+03
2.060431076698592077e-03 3.430384655479333105e+03
2.079515182846622054e-03 3.409358709184409690e+03
2.098776049630612234e-03 3.388387928391695368e+03
2.118215314241331856e-03 3.367473078327829171e+03
2.137834629033523968e-03 3.346614976387894330e+03
2.157635661666357750e-03 3.325814493087272240e+03
2.177620095245175798e-03 3.305072553034467546e+03
2.197789628464568920e-03 3.284390135925212235e+03
2.218145975752759767e-03 3.263768277558326645e+03
2.238690867417332184e-03 3.243208070873696215e+03
2.259426049792312777e-03 3.222710642175242810e+03
2.280353285386599056e-03 3.202276479454170385e+03
2.301474353033790537e-03 3.181905340660067850e+03
2.322791048043381171e-03 3.161596976299472772e+03
2.344305182353362531e-03 3.141351169796406339e+03
2.366018584684246445e-03 3.121167737987261262e+03
2.387933100694495780e-03 3.101046531628093362e+03
2.410050593137420209e-03 3.080987435914499201e+03
2.432372942019505723e-03 3.060990371014364428e+03
2.454902044760216926e-03 3.041055292613656093e+03
2.477639816353281645e-03 3.021182192475539068e+03
2.500588189529458737e-03 3.001371099013019375e+03
2.523749114920835479e-03 2.981622077875367722e+03
2.547124561226623771e-03 2.961935232548601107e+03
2.570716515380504132e-03 2.942310704970228016e+03
2.594526982719517951e-03 2.922748676158538274e+03
2.618557987154514037e-03 2.903249366856736287e+03
2.642811571342197196e-03 2.883813038192100521e+03
2.667289796858747595e-03 2.864439992350529337e+03
2.691994744375056023e-03 2.845130573266707870e+03
2.716928513833588056e-03 2.825885167330186960e+03
2.742093224626869757e-03 2.806704204107677015e+03
2.767491015777652150e-03 2.787588157081816462e+03
2.793124046120722386e-03 2.768537544406778579e+03
2.818994494486407130e-03 2.749552929680960005e+03
2.845104559885778574e-03 2.730634922737104716e+03
2.871456461697559619e-03 2.711784180450177246e+03
2.898052439856793703e-03 2.693001407563275279e+03
2.924894755045225926e-03 2.674287357531985890e+03
2.951985688883467917e-03 2.655642833387440533e+03
2.979327544124939914e-03 2.637068688618483066e+03
3.006922644851596146e-03 2.618565825722955651e+03
3.034773336671489023e-03 2.600134816422057611e+03
3.062881986918140030e-03 2.581775471759319316e+03
3.091250984851762890e-03 2.563487532493531035e+03
3.119882741862360642e-03 2.545270769670774371e+03
3.148779691674682794e-03 2.527124985055670095e+03
3.177944290555110175e-03 2.509050011573600841e+03
3.207379017520428470e-03 2.491045713764146058e+03
3.237086374548551158e-03 2.473111988245894281e+03
3.267068886791191402e-03 2.455248764192848739e+03
3.297329102788491579e-03 2.437456003822641833e+03
3.327869594685668557e-03 2.419733702896735394e+03
3.358692958451634826e-03 2.402081891232855014e+03
3.389801814099664863e-03 2.384500633229862615e+03
3.421198805910099366e-03 2.366990028405278736e+03
3.452886602655096896e-03 2.349550211945710089e+03
3.484867897825505347e-03 2.332181355270366566e+03
3.517145409859795575e-03 2.314883666607963278e+03
3.549721882375133503e-03 2.297657391587192251e+03
3.582600084400597643e-03 2.280502813841044372e+03
3.615782810612527300e-03 2.263420255625223945e+03
3.649272881572103791e-03 2.246410078450885067e+03
3.683073143965077088e-03 2.229472683731997222e+03
3.717186470843746732e-03 2.212608513447557925e+03
3.751615761871173599e-03 2.195818050818953907e+03
3.786363943567641610e-03 2.179101821002736870e+03
3.821433969559435723e-03 2.162460391799072113e+03
3.856828820829889381e-03 2.145894374376187898e+03
3.892551505972760388e-03 2.129404424011091578e+03
3.928605061448002880e-03 2.112991240846832625e+03
3.964992551839815679e-03 2.096655570666671338e+03
4.001717070117176075e-03 2.080398205515211885e+03
4.038781737896733268e-03 2.064219706526495429e+03
4.076189705708127380e-03 2.048119829794049110e+03
4.113944153261836836e-03 2.032098198187229173e+03
4.152048289719394505e-03 2.016154459675936550e+03
4.190505353966219801e-03 2.000288287644020102e+03
4.229318614886902819e-03 1.984499381211260925e+03
4.268491371643055865e-03 1.968787465564058493e+03
4.308026953953781810e-03 1.953152292294926156e+03
4.347928722378649989e-03 1.937593639751035198e+03
4.388200068603389549e-03 1.922111313391865451e+03
4.428844415728172730e-03 1.906705146156195497e+03
4.469865218558560956e-03 1.891374998838561169e+03
4.511265963899215199e-03 1.876120760475335601e+03
4.553050170850216245e-03 1.860942348740647049e+03
4.595221391106239436e-03 1.845839710352237944e+03
4.637783209258435589e-03 1.830812821487504152e+03
4.680739243099104815e-03 1.815861688209856084e+03
4.724093143929260392e-03 1.800986346905574919e+03
4.767848596868934363e-03 1.786186864731409969e+03
4.812009321170459923e-03 1.771463340073011295e+03
4.856579070534597017e-03 1.756815903014481137e+03
4.901561633429580948e-03 1.742244715819192152e+03
4.946960833413194605e-03 1.727749973422061203e+03
4.992780529457710795e-03 1.713331903933549938e+03
5.039024616277959674e-03 1.698990769155508360e+03
5.085697024662364299e-03 1.684726865109155142e+03
5.132801721807040557e-03 1.670540522575367049e+03
5.180342711653068179e-03 1.656432107647493922e+03
5.228324035226757614e-03 1.642402022296978885e+03
5.276749770983198140e-03 1.628450704951931584e+03
5.325624035152908518e-03 1.614578631088959810e+03
5.374950982091698630e-03 1.600786211181815361e+03
5.424734804633855705e-03 1.587073251164181556e+03
5.474979734448457390e-03 1.573439334982488845e+03
5.525690042399132584e-03 1.559884066742596360e+03
5.576870038907065334e-03 1.546407071435085300e+03
5.628524074317358891e-03 1.533007995167643230e+03
5.680656539268885696e-03 1.519686505404138643e+03
5.733271865067413389e-03 1.506442291210566054e+03
5.786374524062333838e-03 1.493275063507880304e+03
5.839969030026789625e-03 1.480184555331916044e+03
5.894059938541333296e-03 1.467170522100481548e+03
5.948651847381214788e-03 1.454232741887721431e+03
6.003749396907110542e-03 1.441371015705939953e+03
6.059357270459635181e-03 1.428585167794927429e+03
6.115480194757392032e-03 1.415875045918989372e+03
6.172122940298734213e-03 1.403240521671772058e+03
6.229290321767324765e-03 1.390681490789014561e+03
6.286987198441298941e-03 1.378197873469407568e+03
6.345218474606384267e-03 1.365789614703630832e+03
6.403989099972736375e-03 1.353456684611772062e+03
6.463304070095645879e-03 1.341199078789248233e+03
6.523168426800239443e-03 1.329016818661352318e+03
6.583587258609940873e-03 1.316909951846639842e+03
6.644565701179078188e-03 1.304878552529235776e+03
6.706108937729389485e-03 1.292922721840269332e+03
6.768222199490577656e-03 1.281042588248584480e+03
6.830910766145039704e-03 1.269238307960867360e+03
6.894179966276553842e-03 1.257510065331398437e+03
6.958035177823281708e-03 1.245858073281553743e+03
7.022481828534883619e-03 1.234282573729263959e+03
7.087525396433834446e-03 1.222783838028592527e+03
7.153171410281161310e-03 1.211362136638706943e+03
7.219425450046272619e-03 1.200017336816197485e+03
7.286293147381351157e-03 1.188749007757955951e+03
7.353780186100019808e-03 1.177556727622507651e+03
7.421892302660434287e-03 1.166440091007223373e+03
7.490635286652979827e-03 1.155398709099474445e+03
7.560014981292276053e-03 1.144432209832684521e+03
7.630037283913943674e-03 1.133540238047293997e+03
7.700708146475856303e-03 1.122722455656759394e+03
7.772033576064018776e-03 1.111978541818664780e+03
7.844019635403275820e-03 1.101308193110987759e+03
7.916672443372530996e-03 1.090711123713674851e+03
7.989998175524943430e-03 1.080187065595534705e+03
8.064003064612822180e-03 1.069735768706598265e+03
8.138693401117393436e-03 1.059357001176001631e+03
8.214075533783572400e-03 1.049050549515487546e+03
8.290155870159510859e-03 1.038816218828639649e+03
8.366940877141319441e-03 1.028653833025908853e+03
8.444437081522742500e-03 1.018563235045563374e+03
8.522651070549903604e-03 1.008544287080640288e+03
8.601589492481308968e-03 9.985968708120005886e+02
8.681259057152850359e-03 9.887208876476138357e+02
8.761666536548234213e-03 9.789162589681357076e+02
8.842818765374575035e-03 9.691829263789284141e+02
8.924722641643321325e-03 9.595208519686086674e+02
9.007385127256647625e-03 9.499300185742350777e+02
9.090813248599189517e-03 9.404104300532635534e+02
9.175014097135295033e-03 9.309621115623722289e+02
9.259994830011823719e-03 9.215851098432796107e+02
9.345762670666463851e-03 9.122794935156840666e+02
9.432324909441795052e-03 9.030453533774260677e+02
9.519688904204929789e-03 8.938827970008314878e+02
9.607862080972950566e-03 8.847917012870262852e+02
9.696851934544142848e-03 8.757716119799702028e+02
9.786666029135009798e-03 8.668220613265281145e+02
9.877311999023306519e-03 8.579425931331511492e+02
9.968797549196915103e-03 8.491327628306480619e+02
1.006113045600878601e-02 8.403921375418628941e+02
1.015431856783794926e-02 8.317202961523115619e+02
1.024836980575658495e-02 8.231168293838238696e+02
1.034329216420339266e-02 8.145813398712120943e+02
1.043909371166307568e-02 8.061134422420454939e+02
1.053578259135218298e-02 7.977127631995439287e+02
1.063336702191130731e-02 7.893789416086557367e+02
1.073185529810362013e-02 7.811116285853654517e+02
1.083125579152001243e-02 7.729104875892631981e+02
1.093157695129063321e-02 7.647751945194538621e+02
1.103282730480309101e-02 7.567054378138291213e+02
1.113501545842730117e-02 7.487009185517714513e+02
1.123815009824697883e-02 7.407613505603369504e+02
1.134223999079804826e-02 7.328864605239647290e+02
1.144729398381374476e-02 7.250759880977809644e+02
1.155332100697670575e-02 7.173296860245412745e+02
1.166033007267800251e-02 7.096473202552768953e+02
1.176833027678315935e-02 7.020286700737003684e+02
1.187733079940537714e-02 6.944735282244241716e+02
1.198734090568580671e-02 6.869817010450653925e+02
1.209836994658111502e-02 6.795530086022901060e+02
1.221042735965831641e-02 6.721872848318604383e+02
1.232352266989693995e-02 6.648843776827587817e+02
1.243766549049873243e-02 6.576441492654355443e+02
1.255286552370475477e-02 6.504664760042716125e+02
1.266913256162001747e-02 6.433512486238531665e+02
1.278647648704597448e-02 6.362982826010287454e+02
1.290490727432038603e-02 6.293071684041019580e+02
1.302443499016527756e-02 6.223774663201054409e+02
1.314506979454258505e-02 6.155087447321330956e+02
1.326682194151769176e-02 6.087005801361780186e+02
1.338970178013119267e-02 6.019525571596440159e+02
1.351371975527837499e-02 5.952642685815834511e+02
1.363888640859719885e-02 5.886353153546403973e+02
1.376521237936428541e-02 5.820653066287529782e+02
1.389270840539921087e-02 5.755538597766270641e+02
1.402138532397739085e-02 5.691006004209864386e+02
1.415125407275105024e-02 5.627051624636590077e+02
1.428232569067910615e-02 5.563671881164772230e+02
1.441461131896540002e-02 5.500863279340567260e+02
1.454812220200569876e-02 5.438622408484517337e+02
1.468286968834359510e-02 5.376945942057161574e+02
1.481886523163496172e-02 5.315830638044163834e+02
1.495612039162168110e-02 5.255273339360835507e+02
1.509464683511417028e-02 5.195270974276701281e+02
1.523445633698301133e-02 5.135820556860171564e+02
1.537556078115999772e-02 5.076919187443551778e+02
1.551797216164805746e-02 5.018564053108941607e+02
1.566170258354092348e-02 4.960752428194954291e+02
1.580676426405203117e-02 4.903481674824840866e+02
1.595316953355289946e-02 4.846749243456216618e+02
1.610093083662143126e-02 4.790552673452590398e+02
1.625006073309945634e-02 4.734889593677307857e+02
1.640057189916054037e-02 4.679757723109848939e+02
1.655247712838738700e-02 4.625154871485146941e+02
1.670578933285922843e-02 4.571078939956080944e+02
1.686052154424956540e-02 4.517527921779478106e+02
1.701668691493362848e-02 4.464499613647615206e+02
1.717429871910653577e-02 4.411990343110595632e+02
1.733337035391152234e-02 4.359995975736540004e+02
1.749391534057865780e-02 4.308512426620246174e+02
1.765594732557435043e-02 4.257535660504600514e+02
1.781948008176106879e-02 4.207061691553557807e+02
1.798452750956822804e-02 4.157086583131347197e+02
1.815110363817367192e-02 4.107606447588129299e+02
1.831922262669610779e-02 4.058617446052078321e+02
1.848889876539882779e-02 4.010115788227774374e+02
1.866014647690413669e-02 3.962097732201216900e+02
1.883298031741949957e-02 3.914559584251158526e+02
1.900741497797476046e-02 3.867497698667029908e+02
1.918346528567081016e-02 3.820908477573408391e+02
1.936114620494010577e-02 3.774788370760959992e+02
1.954047283881840680e-02 3.729133875524124164e+02
1.972146043022875855e-02 3.683941536505284944e+02
1.990412436327705301e-02 3.639207945545705343e+02
2.008848016455964600e-02 3.594929741543144246e+02
2.027454350448332915e-02 3.551103610316152981e+02
2.046233019859705626e-02 3.507726284475274383e+02
2.065185620893648932e-02 3.464794543300935743e+02
2.084313764538071878e-02 3.422305212628285744e+02
2.103619076702153284e-02 3.380255164738931057e+02
2.123103198354566942e-02 3.338641318259567470e+02
2.142767785662937768e-02 3.297460638067720993e+02
2.162614510134640636e-02 3.256710135204417611e+02
2.182645058758869369e-02 3.216386866794044295e+02
2.202861134150027600e-02 3.176487935971341017e+02
2.223264454692470971e-02 3.137010491815542537e+02
2.243856754686546565e-02 3.097951729291897891e+02
2.264639784496029484e-02 3.059308844320357252e+02
2.285615310696899674e-02 3.021078550904181270e+02
2.306785116227491605e-02 2.983257255306230036e+02
2.328151000540071291e-02 2.945841386351757478e+02
2.349714779753758753e-02 2.908827400696295058e+02
2.371478286808926042e-02 2.872211782401000733e+02
2.393443371622988591e-02 2.835991042508110809e+02
2.415611901247641247e-02 2.800161718616344046e+02
2.437985760027584076e-02 2.764720374456125569e+02
2.460566849760660590e-02 2.729663599464688559e+02
2.483357089859541608e-02 2.694988008360808749e+02
2.506358417514861422e-02 2.660690240719215467e+02
2.529572787859875327e-02 2.626766960544555332e+02
2.553002174136673880e-02 2.593214855844762496e+02
2.576648567863874806e-02 2.560030638203895137e+02
2.600513979005932008e-02 2.527211042354179256e+02
2.624600436143974258e-02 2.494752825747311249e+02
2.648909986648224912e-02 2.462652768124875990e+02
2.673444696852060598e-02 2.430907671087744859e+02
2.698206652227613106e-02 2.399514357664498618e+02
2.723197957563067151e-02 2.368469671878604856e+02
2.748420737141556158e-02 2.337770478314418767e+02
2.773877134921719917e-02 2.307413661681834185e+02
2.799569314719971627e-02 2.277396126379451857e+02
2.825499460394385182e-02 2.247714796056317255e+02
2.851669776030357761e-02 2.218366613171934603e+02
2.878082486127944012e-02 2.189348538554618528e+02
2.904739835790937433e-02 2.160657550958019328e+02
2.931644090917717022e-02 2.132290646615699359e+02
2.958797538393846335e-02 2.104244838793706833e+02
2.986202486286455848e-02 2.076517157341022255e+02
3.013861264040439483e-02 2.049104650291382086e+02
3.041776222676446234e-02 2.022004450029453722e+02
3.069949734990734883e-02 1.995213788857158193e+02
3.098384195756854337e-02 1.968729921762115680e+02
3.127082021929203370e-02 1.942550121104204663e+02
3.156045652848477046e-02 1.916671676221695577e+02
3.185277550449000517e-02 1.891091893035831220e+02
3.214780199468013355e-02 1.865808093653706976e+02
3.244556107656864502e-02 1.840817615969438918e+02
3.274607805994173004e-02 1.816117813263466303e+02
3.304937848900971198e-02 1.791706053799914571e+02
3.335548814457812983e-02 1.767579720421946092e+02
3.366443304623940869e-02 1.743736210144950292e+02
3.397623945458434075e-02 1.720172933747530521e+02
3.429093387343435523e-02 1.696887315360169737e+02
3.460854305209435516e-02 1.673876792051448206e+02
3.492909398762630152e-02 1.651138813411770627e+02
3.525261392714422459e-02 1.628670841134424450e+02
3.557913037013007984e-02 1.606470348593935284e+02
3.590867107077128778e-02 1.584534820421571908e+02
3.624126404031986770e-02 1.562861752077905635e+02
3.657693754947331788e-02 1.541448649422320898e+02
3.691572013077784598e-02 1.520293028279343730e+02
3.725764058105350551e-02 1.499392414001709426e+02
3.760272796384198091e-02 1.478744341030034946e+02
3.795101161187711125e-02 1.458346352448969299e+02
3.830252112957797245e-02 1.438195999539749721e+02
3.865728639556553770e-02 1.418290841328971226e+02
3.901533756520225715e-02 1.398628444133532014e+02
3.937670507315528534e-02 1.379206381101563750e+02
3.974141963598352284e-02 1.360022231749259163e+02
4.010951225474839593e-02 1.341073582017565968e+02
4.048101421764919994e-02 1.322358064744796877e+02
4.085595710268244418e-02 1.303873389520129535e+02
4.123437278032610065e-02 1.285617279498048617e+02
4.161629341624863143e-02 1.267587464129359915e+02
4.200175147404292680e-02 1.249781678723804816e+02
4.239077971798600741e-02 1.232197664008616016e+02
4.278341121582385220e-02 1.214833165682916842e+02
4.317967934158219168e-02 1.197685933967813838e+02
4.357961777840343304e-02 1.180753723152067494e+02
4.398326052140953679e-02 1.164034291133223036e+02
4.439064188059189259e-02 1.147525398954040128e+02
4.480179648372755591e-02 1.131224810334131234e+02
4.521675927932266442e-02 1.115130291196638410e+02
4.563556553958314499e-02 1.099239609189831839e+02
4.605825086341268360e-02 1.083550533203492705e+02
4.648485117943895045e-02 1.068060832879914415e+02
4.691540274906738639e-02 1.052768278119414020e+02
4.734994216956353585e-02 1.037670638580183891e+02
4.778850637716369060e-02 1.022765683172347337e+02
4.823113265021471141e-02 1.008051179546052225e+02
4.867785861234261852e-02 9.935248935734736619e+01
4.912872223565062368e-02 9.791845888245487117e+01
4.958376184394686081e-02 9.650280260362934825e+01
5.004301611600177335e-02 9.510529625755474115e+01
5.050652408883607447e-02 9.372571518949631297e+01
5.097432516103878042e-02 9.236383429820986635e+01
5.144645909611617052e-02 9.101942798014253810e+01
5.192296602587177790e-02 8.969227007290844256e+01
5.240388645381736932e-02 8.838213379802276393e+01
5.288926125861617700e-02 8.708879170287367799e+01
5.337913169755731380e-02 8.581201560436481657e+01
5.387353941006284286e-02 8.455159013350038322e+01
5.437252642122713392e-02 8.330734503713918571e+01
5.487613514538881854e-02 8.207911985197003446e+01
5.538440838973641978e-02 8.086675445838611154e+01
5.589738935794678898e-02 7.967008904793006252e+01
5.641512165385743904e-02 7.848896409041219613e+01
5.693764928517304480e-02 7.732322030069322238e+01
5.746501666720583990e-02 7.617269860512274704e+01
5.799726862665136040e-02 7.503724010762168461e+01
5.853445040539849431e-02 7.391668605540169779e+01
5.907660766437514144e-02 7.281087780430918599e+01
5.962378648742951842e-02 7.171965678378515463e+01
6.017603338524701861e-02 7.064286446143040621e+01
6.073339529930411179e-02 6.958034230716445734e+01
6.129591960585811100e-02 6.853193175696932826e+01
6.186365411997427066e-02 6.749747417620616829e+01
6.243664709959017428e-02 6.647681082249390272e+01
6.301494724961745342e-02 6.546978280813941353e+01
6.359860372608212853e-02 6.447623106210605215e+01
6.418766614030264883e-02 6.349599629151148150e+01
6.478218456310695650e-02 6.252891894264109141e+01
6.538220952908867234e-02 6.157483916146561143e+01
6.598779204090224337e-02 6.063359675365147439e+01
6.659898357359864129e-02 5.970503114404974099e+01
6.721583607900054325e-02 5.878898133565335371e+01
6.783840199011831329e-02 5.788528586800799758e+01
6.846673422560695110e-02 5.699378277506445301e+01
6.910088619426393852e-02 5.611430954245932412e+01
6.974091179956944109e-02 5.524670306420969013e+01
7.038686544426787928e-02 5.439079959880911019e+01
7.103880203499228496e-02 5.354643472471065024e+01
7.169677698693151247e-02 5.271344816934868049e+01
7.236084622854020709e-02 5.189171272206675667e+01
7.303106620629330747e-02 5.108111535999884012e+01
7.370749388948370784e-02 5.028154325374903522e+01
7.439018677506473165e-02 4.949288369357226003e+01
7.507920289253758317e-02 4.871502406457983625e+01
7.577460080888355487e-02 4.794785182167032644e+01
7.647643963354269769e-02 4.719125446417728398e+01
7.718477902343796881e-02 4.644511951022757046e+01
7.789967918804609204e-02 4.570933447080183498e+01
7.862120089451557492e-02 4.498378682348940316e+01
7.934940547283160506e-02 4.426836398593052735e+01
8.008435482102962966e-02 4.356295328893610019e+01
8.082611141045646652e-02 4.286744194927889140e+01
8.157473829108057017e-02 4.218171704214653772e+01
8.233029909685096737e-02 4.150566547324849864e+01
8.309285805110673551e-02 4.083917395056757016e+01
8.386247997203569171e-02 4.018212895574841070e+01
8.463923027818412437e-02 3.953441671511327371e+01
8.542317499401744230e-02 3.889592317029623558e+01
8.621438075553199132e-02 3.826653394848699463e+01
8.701291481591974519e-02 3.764613433227383865e+01
8.781884505128448315e-02 3.703460922907794384e+01
8.863223996641139690e-02 3.643184314016779268e+01
8.945316870059019654e-02 3.583772012924468697e+01
9.028170103349163200e-02 3.525212379058939405e+01
9.111790739109934534e-02 3.467493721675886320e+01
9.196185885169580465e-02 3.410604296582382489e+01
9.281362715190411006e-02 3.354532302813604616e+01
9.367328469278574099e-02 3.299265879261442791e+01
9.454090454599436977e-02 3.244793101253975465e+01
9.541656045998760105e-02 3.191102111674519293e+01
9.630032686629513838e-02 3.138183142205968323e+01
9.719227888584586195e-02 3.086028132752886322e+01
9.809249233535302648e-02 3.034629071169053560e+01
9.900104373375855082e-02 2.983977942960120799e+01
9.991801030873766198e-02 2.934066729362816872e+01
1.008434700032629361e-01 2.884887405400784033e+01
1.017775014822297625e-01 2.836431937916351131e+01
1.027201841391427728e-01 2.788692283577698205e+01
1.036715981028641931e-01 2.741660386860776200e+01
1.046318242444253255e-01 2.695328178005327402e+01
1.056009441839003693e-01 2.649687570944439585e+01
1.065790402973441908e-01 2.604730461206921177e+01
1.075661957237945138e-01 2.560448723791883552e+01
1.085624943723384056e-01 2.516834211014838374e+01
1.095680209292452523e-01 2.473878750324617570e+01
1.105828608651647366e-01 2.431574142090469337e+01
1.116071004423919710e-01 2.389912157358580558e+01
1.126408267222001047e-01 2.348884535577325750e+01
1.136841275722400291e-01 2.308482982290537677e+01
1.147370916740099722e-01 2.268699166797985356e+01
1.157998085303930252e-01 2.229524719782403608e+01
1.168723684732650425e-01 2.190951230902233604e+01
1.179548626711730969e-01 2.152970246349308425e+01
1.190473831370844615e-01 2.115573266370727623e+01
1.201500227362083395e-01 2.078751742754036869e+01
1.212628751938891747e-01 2.042497076274970169e+01
1.223860351035734734e-01 2.006800614106859371e+01
1.235195979348503725e-01 1.971653647190888847e+01
1.246636600415662599e-01 1.937047407566322121e+01
1.258183186700155831e-01 1.902973065659793050e+01
1.269836719672064462e-01 1.869421780058363680e+01
1.281598189892033113e-01 1.836386161032242370e+01
1.293468597095468464e-01 1.803860495089426763e+01
1.305448950277514897e-01 1.771839150013644826e+01
1.317540267778825602e-01 1.740316483091561395e+01
1.329743577372118624e-01 1.709286839640031630e+01
1.342059916349538917e-01 1.678744551513836925e+01
1.354490331610830600e-01 1.648683935593444261e+01
1.367035879752319105e-01 1.619099292252341016e+01
1.379697627156731277e-01 1.589984903803391703e+01
1.392476650083833145e-01 1.561335032923800803e+01
1.405374034761913693e-01 1.533143921058124270e+01
1.418390877480117385e-01 1.505405786798825218e+01
1.431528284681623520e-01 1.478114824243883163e+01
1.444787373057705160e-01 1.451265201330858901e+01
1.458169269642640153e-01 1.424851058146959737e+01
1.471675111909513667e-01 1.398866505214489742e+01
1.485306047866905288e-01 1.373305621751152472e+01
1.499063236156465417e-01 1.348162453904642000e+01
1.512947846151407594e-01 1.323431012960915965e+01
1.526961058055903986e-01 1.299105273525596616e+01
1.541104063005403202e-01 1.275179171677873313e+01
1.555378063167874025e-01 1.251646603096320653e+01
1.569784271845998669e-01 1.228501421155966078e+01
1.584323913580299448e-01 1.205737434996033919e+01
1.598998224253226352e-01 1.183348407557678428e+01
1.613808451194210791e-01 1.161328053591067189e+01
1.628755853285682731e-01 1.139670037631153754e+01
1.643841701070086203e-01 1.118367971941434469e+01
1.659067276857870143e-01 1.097415414425035074e+01
1.674433874836488145e-01 1.076805866502402154e+01
1.689942801180407406e-01 1.056532775916639366e+01
1.705595374162126032e-01 1.036590392666571958e+01
1.721392924264239788e-01 1.016974766440623767e+01
1.737336794292527464e-01 9.976821705986512967e+00
1.753428339490089582e-01 9.787088676345591765e+00
1.769668927652549850e-01 9.600511081453939610e+00
1.786059939244311057e-01 9.417051297861640080e+00
1.802602767515906201e-01 9.236671562100186250e+00
1.819298818622418490e-01 9.059333959934855685e+00
1.836149511743009055e-01 8.885000415463895962e+00
1.853156279201548240e-01 8.713632680061072833e+00
1.870320566588359323e-01 8.545192321158095794e+00
1.887643832883103279e-01 8.379640710862927833e+00
1.905127550578788465e-01 8.216939014410717945e+00
1.922773205806934949e-01 8.057048178443174891e+00
1.940582298463898181e-01 7.899928919112694459e+00
1.958556342338354517e-01 7.745541710007393554e+00
1.976696865239984668e-01 7.593846769892750537e+00
1.995005409129335383e-01 7.444804050266145445e+00
2.013483530248884046e-01 7.298373222719956033e+00
2.032132799255325639e-01 7.154513666108996972e+00
2.050954801353071510e-01 7.013184453518168660e+00
2.069951136429005190e-01 6.874344339025651784e+00
2.089123419188466668e-01 6.737951744257542508e+00
2.108473279292503444e-01 6.603964744729236003e+00
2.128002361496398875e-01 6.472341055968881207e+00
2.147712325789466470e-01 6.343038019418459683e+00
2.167604847536164225e-01 6.216012588107396653e+00
2.187681617618493779e-01 6.091221312094161178e+00
2.207944342579729047e-01 5.968620323670711159e+00
2.228394744769475466e-01 5.848165322324824444e+00
2.249034562490062894e-01 5.729811559455212588e+00
2.269865550144316568e-01 5.613517237046415254e+00
2.290889478384672273e-01 5.499254766999955635e+00
2.312108134263688441e-01 5.387000319908638701e+00
2.333523321385946869e-01 5.276729974364958053e+00
2.355136860061352588e-01 5.168419710003552048e+00
2.376950587459875919e-01 5.062045400479132873e+00
2.398966357767703950e-01 4.957582806342861304e+00
2.421186042344850020e-01 4.855007567814636715e+00
2.443611529884223699e-01 4.754295197448981547e+00
2.466244726572162094e-01 4.655421072692192297e+00
2.489087556250472177e-01 4.558360428328104952e+00
2.512141960579946653e-01 4.463088348810227757e+00
2.535409899205414153e-01 4.369579760477487085e+00
2.558893349922307658e-01 4.277809423651115495e+00
2.582594308844773368e-01 4.187751924610027210e+00
2.606514790575354956e-01 4.099381667441921451e+00
2.630656828376227718e-01 4.012672865767521913e+00
2.655022474342031424e-01 3.927599534335060927e+00
2.679613799574290800e-01 3.844135480482261169e+00
2.704432894357475248e-01 3.762254295462830633e+00
2.729481868336667283e-01 3.681929345634672224e+00
2.754762850696884646e-01 3.603133763506746856e+00
2.780277990344064976e-01 3.525840438641541397e+00
2.806029456087715812e-01 3.450022008410146945e+00
2.832019436825281011e-01 3.375650848596648324e+00
2.858250141728186922e-01 3.302699063848773431e+00
2.884723800429628837e-01 3.231138477971472689e+00
2.911442663214092175e-01 3.160940624060073478e+00
2.938409001208618365e-01 3.092076734469749510e+00
2.965625106575872083e-01 3.024517730617678257e+00
2.993093292708960407e-01 2.958234212614605951e+00
3.020815894428081072e-01 2.893197463790190493e+00
3.048795268178985385e-01 2.829387598362006706e+00
3.077033792233265785e-01 2.766789424329120006e+00
3.105533866890528572e-01 2.705387715005747928e+00
3.134297914682412367e-01 2.645167161058317173e+00
3.163328380578505072e-01 2.586112365773411081e+00
3.192627732194174284e-01 2.528207840254412808e+00
3.222198460000300080e-01 2.471437998545338299e+00
3.252043077534992888e-01 2.415787152680083594e+00
3.282164121617227037e-01 2.361239507655608083e+00
3.312564152562480491e-01 2.307779156327242287e+00
3.343245754400364089e-01 2.255390074224450814e+00
3.374211535094255865e-01 2.204056114285341650e+00
3.405464126762997035e-01 2.153761001508050388e+00
3.437006185904614153e-01 2.104488327517305635e+00
3.468840393622125706e-01 2.056221545044270016e+00
3.500969455851442591e-01 2.008943962317788490e+00
3.533396103591358028e-01 1.962638737365181463e+00
3.566123093135710187e-01 1.917288872220559437e+00
3.599153206307652564e-01 1.872877207038788239e+00
3.632489250696118166e-01 1.829386414113009174e+00
3.666134059894465835e-01 1.786798991793718816e+00
3.700090493741328146e-01 1.745097258307310550e+00
3.734361438563718605e-01 1.704263345471920266e+00
3.768949807422360410e-01 1.664279192308487199e+00
3.803858540359301710e-01 1.625126538544770849e+00
3.839090604647824589e-01 1.586786918010116842e+00
3.874648995044651656e-01 1.549241651918684237e+00
3.910536734044526841e-01 1.512471842038787262e+00
3.946756872137111571e-01 1.476458363746047775e+00
3.983312488066287349e-01 1.441181858957890860e+00
4.020206689091851970e-01 1.406623144234893763e+00
4.057442611253626041e-01 1.372768767588313565e+00
4.095023419638041950e-01 1.339609623985818398e+00
4.132952308647160899e-01 1.307136659846950710e+00
4.171232502270209030e-01 1.275340763882260919e+00
4.209867254357619326e-01 1.244212764159410733e+00
4.248859848897596492e-01 1.213743425123944286e+00
4.288213600295283090e-01 1.183923444573693251e+00
4.327931853654471972e-01 1.154743450585838271e+00
4.368017985061946051e-01 1.126193998395571105e+00
4.408475401874452082e-01 1.098265567225287009e+00
4.449307543008312882e-01 1.070948557063275741e+00
4.490517879231766818e-01 1.044233285390745003e+00
4.532109913459962391e-01 1.018109983856150924e+00
4.574087181052718387e-01 9.925687948956305462e-01
4.616453250115039042e-01 9.675997682984173176e-01
4.659211721800379791e-01 9.431928577160662019e-01
4.702366230616784604e-01 9.193379171142598283e-01
4.745920444735799437e-01 8.960246971660220661e-01
4.789878066304275039e-01 8.732428415850733705e-01
4.834242831759059666e-01 8.509818833980610231e-01
4.879018512144577269e-01 8.292312411544120465e-01
4.924208913433398838e-01 8.079802150724436638e-01
4.969817876849740301e-01 7.872179831204615397e-01
5.015849279195970789e-01 7.669335970314471451e-01
5.062307033182127380e-01 7.471159782499787738e-01
5.109195087758533482e-01 7.277539138099471394e-01
5.156517428451435903e-01 7.088360521416731119e-01
5.204278077701792737e-01 6.903508988069483321e-01
5.252481095207175432e-01 6.722868121605072300e-01
5.301130578266839422e-01 6.546319989364476344e-01
5.350230662130024406e-01 6.373745693163460624e-01
5.399785520347428758e-01 6.205052124065082442e-01
5.449799365125980177e-01 6.040183382447155136e-01
5.500276447686871517e-01 5.879085975139621834e-01
5.551221058626907290e-01 5.721705994824958230e-01
5.602637528283228585e-01 5.567989101782765404e-01
5.654530227101386419e-01 5.417880505343284359e-01
5.706903566006831241e-01 5.271324945043295296e-01
5.759761996779855231e-01 5.128266671478121097e-01
5.813110012433966300e-01 4.988649426843135282e-01
5.866952147597848111e-01 4.852416425158030955e-01
5.921292978900766224e-01 4.719510332167278777e-01
5.976137125361608016e-01 4.589873244909679628e-01
6.031489248781497503e-01 4.463446670950069750e-01
6.087354054140033943e-01 4.340171507266078477e-01
6.143736289995256339e-01 4.219988018782454553e-01
6.200640748887246145e-01 4.102835816545817860e-01
6.258072267745508066e-01 3.988653835532079417e-01
6.316035728300117835e-01 3.877380312078940183e-01
6.374536057496648089e-01 3.768952760935641577e-01
6.433578227915002223e-01 3.663307951921884742e-01
6.493167258192060753e-01 3.560381886187999889e-01
6.553308213448278963e-01 3.460109772067940792e-01
6.614006205718229170e-01 3.362426000516747226e-01
6.675266394385107604e-01 3.267264120123969384e-01
6.737093986619322461e-01 3.174556811694149161e-01
6.799494237821077647e-01 3.084235862385729110e-01
6.862472452067105433e-01 2.996232139399129246e-01
6.926033982561509150e-01 2.910475563204882876e-01
6.990184232090774774e-01 2.826895080302470609e-01
7.054928653483045764e-01 2.745418635500170290e-01
7.120272750071598988e-01 2.665973163576530469e-01
7.186222076162630534e-01 2.588496223836736498e-01
7.252782237507392482e-01 2.512955969318438898e-01
7.319958891778650667e-01 2.439325488530551811e-01
7.387757749051639955e-01 2.367577650982688187e-01
7.456184572289394907e-01 2.297685097782433961e-01
7.525245177832615706e-01 2.229620232081085118e-01
7.594945435894066010e-01 2.163355209364639098e-01
7.665291271057521616e-01 2.098861927586740395e-01
7.736288662781402037e-01 2.036112017140081221e-01
7.807943645907013952e-01 1.975076830662939320e-01
7.880262311171507550e-01 1.915727432677274411e-01
7.953250805725615713e-01 1.858034589054782804e-01
8.026915333656136076e-01 1.801968756307352759e-01
8.101262156513318047e-01 1.747500070698095875e-01
8.176297593843083744e-01 1.694598337169300195e-01
8.252028023724193861e-01 1.643233018083390118e-01
8.328459883310403988e-01 1.593373221772985959e-01
8.405599669377585847e-01 1.544987690896137134e-01
8.483453938876023281e-01 1.498044790592552578e-01
8.562029309487713125e-01 1.452512496436845491e-01
8.641332460188893005e-01 1.408358382184475843e-01
8.721370131817736127e-01 1.365549607306171809e-01
8.802149127647360682e-01 1.324052904306405043e-01
8.883676313964102844e-01 1.283834565821559692e-01
8.965958620651147681e-01 1.244860431493210740e-01
9.049003041777592404e-01 1.207095874611929243e-01
9.132816636192908621e-01 1.170505788526942231e-01
9.217406528127010112e-01 1.135054572816812657e-01
9.302779907795779568e-01 1.100706119216362106e-01
9.388944032012250807e-01 1.067423797294813348e-01
9.475906224803456457e-01 1.035170439880142290e-01
9.563673878032937781e-01 1.003905290464961880e-01
9.652254452029114251e-01 9.735703359819544711e-02
9.741655476219386323e-01 9.441009473897772619e-02
9.831884549770146808e-01 9.154314098619985296e-02
9.922949342232727510e-01 8.874949002131976572e-02
1.001485759419528332e+00 8.602234593269281193e-02
1.010761711794080142e+00 8.335479640796818190e-02
1.020123579811111902e+00 8.073981071790783948e-02
1.029572159237712725e+00 7.817183189652805730e-02
1.039108253211520339e+00 7.565014212510051683e-02
1.048732672308982483e+00 7.317496879320251058e-02
1.058446234614264903e+00 7.074655146512077997e-02
1.068249765788783279e+00 6.836514205320605442e-02
1.078144099141387979e+00 6.603100499512240540e-02
1.088130075699194510e+00 6.374441743506198410e-02
1.098208544279070775e+00 6.150576286850010371e-02
1.108380361559790916e+00 5.932414500476447528e-02
1.118646392154849956e+00 5.722455696918397894e-02
1.129007508685959893e+00 5.523411423345760823e-02
1.139464591857220821e+00 5.337995481742565523e-02
1.150018530529980376e+00 5.166705272983393438e-02
1.160670221798392632e+00 5.006876752319474461e-02
1.171420571065667993e+00 4.855561718686883521e-02
1.182270492121034300e+00 4.709811380961341498e-02
1.193220907217410920e+00 4.568053669370882031e-02
1.204272747149796485e+00 4.430246232080374547e-02
1.215426951334394268e+00 4.296424873531979466e-02
1.226684467888458085e+00 4.166626621309835882e-02
1.238046253710885614e+00 4.040889745744781492e-02
1.249513274563555543e+00 3.919253779931029802e-02
1.261086505153414139e+00 3.801759540162174406e-02
1.272766929215333187e+00 3.688441524898565527e-02
1.284555539595723328e+00 3.579244067358468978e-02
1.296453338336928773e+00 3.474050655738235988e-02
1.308461336762401839e+00 3.372742060389256197e-02
1.320580555562662406e+00 3.275197329395188733e-02
1.332812024882064961e+00 3.181293740093867756e-02
1.345156784406355666e+00 3.090906749737945547e-02
1.357615883451049887e+00 3.003909945276683063e-02
1.370190381050624184e+00 2.920181965011638472e-02
1.382881346048530080e+00 2.839643794513104988e-02
1.395689857188056937e+00 2.762232617072949911e-02
1.408617003204017282e+00 2.687884878928191792e-02
1.421663882915295218e+00 2.616528811188164466e-02
1.434831605318245495e+00 2.548056563489188922e-02
1.448121289680954771e+00 2.482348250231589115e-02
1.461534065638389057e+00 2.419282097454868857e-02
1.475071073288407808e+00 2.358750151750194438e-02
1.488733463288673953e+00 2.300698841105551506e-02
1.502522396954463879e+00 2.245086370054470010e-02
1.516439046357372256e+00 2.191870464443551256e-02
1.530484594424950107e+00 2.141008355072690841e-02
1.544660235041247720e+00 2.092456761055693643e-02
1.558967173148297247e+00 2.046171872895369281e-02
1.573406624848535662e+00 2.002109124032827245e-02
1.587979817508168523e+00 1.960192154128798797e-02
1.602687989861505624e+00 1.920279251460856040e-02
1.617532392116249884e+00 1.882218417769401797e-02
1.632514286059767894e+00 1.845857403259689583e-02
1.647634945166336795e+00 1.811190765850900081e-02
1.662895654705400572e+00 1.778450229969694152e-02
1.678297711850813112e+00 1.747893059436172319e-02
1.693842425791100226e+00 1.719799033836681354e-02
1.709531117840742631e+00 1.695056661386732527e-02
1.725365121552484116e+00 1.675198348802560064e-02
1.741345782830693301e+00 1.658700114660404540e-02
1.757474460045760800e+00 1.640589596718504059e-02
1.773752524149562415e+00 1.615372965645115247e-02
1.790181358791994803e+00 1.577473215558279282e-02
1.806762360438578519e+00 1.525839325151032329e-02
1.823496938489168828e+00 1.463725696329244881e-02
1.840386515397751666e+00 1.400116097047412154e-02
1.857432526793352245e+00 1.347694604524691739e-02
1.874636421602068337e+00 1.312054757331477563e-02
1.891999662170221530e+00 1.293474449897234237e-02
1.909523724388671351e+00 1.286916940467201440e-02
1.927210097818257140e+00 1.284658642233042422e-02
1.945060285816416101e+00 1.282639344484301849e-02
1.963075805664970863e+00 1.279099909040269135e-02
1.981258188699091427e+00 1.275323510893956735e-02
1.999608980437473926e+00 1.273610499633561453e-02
2.018129740713701104e+00 1.273941072860473867e-02
2.036822043808832028e+00 1.275571491657936929e-02
2.055687478585219274e+00 1.278843481584255280e-02
2.074727648621557563e+00 1.284245136001221053e-02
2.093944172349198052e+00 1.291163161430690202e-02
2.113338683189711187e+00 1.299326480418072464e-02
2.132912829693729417e+00 1.311255699349735994e-02
2.152668275681078658e+00 1.329892533644139174e-02
2.172606700382194500e+00 1.357007364574502363e-02
2.192729798580873357e+00 1.381427005290396422e-02
2.213039280758319016e+00 1.352598476223724686e-02
2.233536873238540554e+00 1.249640539821197244e-02
2.254224318335090960e+00 1.153753287972584043e-02
2.275103374499157560e+00 1.132860329542434256e-02
2.296175816469044229e+00 1.165244267734590403e-02
2.317443435421020048e+00 1.199415216535218258e-02
2.338908039121568638e+00 1.226656542403362082e-02
2.360571452081055455e+00 1.258781613104696835e-02
2.382435515708801965e+00 1.295390095535096930e-02
2.404502088469621768e+00 1.335609761245131963e-02
2.426773046041781345e+00 1.380394377140252600e-02
2.449250281476439195e+00 1.432623718159469275e-02
2.471935705358555779e+00 1.485675860313652105e-02
2.494831245969288513e+00 1.576851949922150956e-02
2.517938849449909089e+00 1.612077536752340445e-02
2.541260479967220487e+00 1.354504620741782753e-02
2.564798119880512761e+00 1.317993359472608220e-02
2.588553769910068691e+00 1.419613351783233744e-02
2.612529449307217089e+00 1.511216279068695358e-02
2.636727196025986153e+00 1.617420167275375811e-02
2.661149066896320914e+00 1.744538472358841616e-02
2.685797137798917600e+00 1.832556659341218891e-02
2.710673503841678933e+00 1.300010546109243992e-02
2.735780279537789461e+00 1.482233032779278412e-02
2.761119598985466439e+00 1.657790761375763783e-02
2.786693616049349398e+00 1.899060791455506672e-02
2.812504504543587025e+00 1.405891584910013044e-02
2.838554458416600923e+00 1.030514822960010637e-02
2.864845691937589756e+00 1.298085514887674548e-02
2.891380439884735587e+00 2.000388119428029611e-03
2.918160957735161265e+00 2.159375707646901850e-03
2.945189521856652171e+00 0.000000000000000000e+00
2.972468429701139225e+00 0.000000000000000000e+00
3.000000000000000000e+00 0.000000000000000000e+00
