1.122018454301963557e-02
1.412537544622567004e-02
1.778279410038796290e-02
2.238721138568475211e-02
2.818382931264926117e-02
3.548133892335330469e-02
4.466835921509661883e-02
5.623413251903804089e-02
7.079457843841456544e-02
8.912509381337663239e-02
1.122018454301963036e-01
1.412537544622791408e-01
1.778279410038908215e-01
2.238721138568363078e-01
2.818382931264475366e-01
3.548133892335778583e-01
4.466835921509662022e-01
5.623413251903461862e-01
7.079457843841343578e-01
8.912509381337440084e-01
1.122018454301962898e+00
1.412537544622757046e+00
1.778279410038930086e+00
2.238721138568339875e+00
2.818382931264463487e+00
3.548133892335763928e+00
4.466835921509639817e+00
5.623413251903496501e+00
7.079457843841394649e+00
8.912509381337468284e+00
1.122018454301967516e+01
1.412537544622758290e+01
1.778279410038926400e+01
2.238721138568342184e+01
2.818382931264455138e+01
3.548133892335767570e+01
4.466835921509634488e+01
5.623413251903513554e+01
7.079457843841402109e+01
8.912509381337477521e+01
1.122018454301962862e+02
1.412537542609665024e+02
1.778279407277508426e+02
2.238721132993164531e+02
2.818382929570677220e+02
3.548133892146827861e+02
4.466835926519472082e+02
