1000 2.33986e-25 1.83186e-26 2.90356e-27 2.88932e-26
1020 2.33671e-25 1.87801e-26 2.97671e-27 2.96211e-26
1040 2.33665e-25 1.9264e-26 3.0534e-27 3.03843e-26
1060 2.33964e-25 1.97716e-26 3.13386e-27 3.11849e-26
1080 2.34565e-25 2.03044e-26 3.21831e-27 3.20253e-26
1100 2.35466e-25 2.08641e-26 3.30702e-27 3.29081e-26
1120 2.36668e-25 2.14524e-26 3.40026e-27 3.38359e-26
1140 2.38173e-25 2.20711e-26 3.49833e-27 3.48118e-26
1160 2.39987e-25 2.27224e-26 3.60156e-27 3.5839e-26
1180 2.42113e-25 2.34084e-26 3.71029e-27 3.6921e-26
1200 2.4456e-25 2.41315e-26 3.82492e-27 3.80617e-26
1220 2.47336e-25 2.48946e-26 3.94586e-27 3.92651e-26
1240 2.50453e-25 2.57003e-26 4.07357e-27 4.05359e-26
1260 2.53924e-25 2.65518e-26 4.20854e-27 4.18791e-26
1280 2.57764e-25 2.74527e-26 4.35133e-27 4.32999e-26
1300 2.6199e-25 2.84066e-26 4.50253e-27 4.48045e-26
1320 2.66622e-25 2.94178e-26 4.6628e-27 4.63994e-26
1340 2.71683e-25 3.04907e-26 4.83287e-27 4.80918e-26
1360 2.77198e-25 3.16305e-26 5.01353e-27 4.98895e-26
1380 2.83195e-25 3.28428e-26 5.20567e-27 5.18015e-26
1400 2.89708e-25 3.41335e-26 5.41026e-27 5.38374e-26
1420 2.96773e-25 3.55097e-26 5.62839e-27 5.60079e-26
1440 3.0443e-25 3.69788e-26 5.86125e-27 5.83251e-26
1460 3.12725e-25 3.85494e-26 6.11019e-27 6.08023e-26
1480 3.21711e-25 4.02308e-26 6.3767e-27 6.34543e-26
1500 3.31445e-25 4.20336e-26 6.66245e-27 6.62978e-26
1520 3.41993e-25 4.39697e-26 6.96932e-27 6.93515e-26
1540 3.5343e-25 4.60523e-26 7.29943e-27 7.26364e-26
1560 3.6584e-25 4.82966e-26 7.65516e-27 7.61762e-26
1580 3.79318e-25 5.07196e-26 8.0392e-27 7.99978e-26
1600 3.93973e-25 5.33405e-26 8.45462e-27 8.41317e-26
1620 4.09928e-25 5.61814e-26 8.90491e-27 8.86126e-26
1640 4.27327e-25 5.92674e-26 9.39406e-27 9.348e-26
1660 4.4633e-25 6.26275e-26 9.92664e-27 9.87797e-26
1680 4.67128e-25 6.62948e-26 1.05079e-26 1.04564e-25
1700 4.89935e-25 7.03077e-26 1.1144e-26 1.10893e-25
1720 5.15006e-25 7.47109e-26 1.18419e-26 1.17838e-25
1740 5.42634e-25 7.95565e-26 1.26099e-26 1.25481e-25
1760 5.73166e-25 8.49055e-26 1.34578e-26 1.33918e-25
1780 6.07007e-25 9.08299e-26 1.43968e-26 1.43262e-25
1800 6.44641e-25 9.74149e-26 1.54405e-26 1.53648e-25
1820 6.86643e-25 1.04762e-25 1.66051e-26 1.65237e-25
1840 7.33705e-25 1.12994e-25 1.79098e-26 1.7822e-25
1860 7.86659e-25 1.22257e-25 1.93781e-26 1.92831e-25
1880 8.46523e-25 1.32731e-25 2.10383e-26 2.09352e-25
1900 9.14545e-25 1.44637e-25 2.29254e-26 2.2813e-25
1920 9.92267e-25 1.58247e-25 2.50826e-26 2.49596e-25
1940 1.08162e-24 1.73901e-25 2.75638e-26 2.74286e-25
1960 1.18505e-24 1.9203e-25 3.04372e-26 3.0288e-25
1980 1.30568e-24 2.13183e-25 3.37901e-26 3.36244e-25
2000 1.44754e-24 2.38071e-25 3.77349e-26 3.75499e-25
2020 1.61594e-24 2.67626e-25 4.24196e-26 4.22116e-25
2040 1.81799e-24 3.03093e-25 4.80411e-26 4.78055e-25
2060 2.0633e-24 3.46155e-25 5.48665e-26 5.45975e-25
2080 2.36524e-24 3.99145e-25 6.32656e-26 6.29554e-25
2100 2.74279e-24 4.65362e-25 7.37612e-26 7.33996e-25
2120 3.22361e-24 5.49601e-25 8.71133e-26 8.66862e-25
2140 3.84934e-24 6.5904e-25 1.0446e-25 1.03948e-24
2160 4.68502e-24 8.04822e-25 1.27567e-25 1.26941e-24
2180 5.83684e-24 1.005e-24 1.59296e-25 1.58515e-24
2200 7.48793e-24 1.29042e-24 2.04535e-25 2.03532e-24
2220 9.9766e-24 1.71728e-24 2.72194e-25 2.7086e-24
2240 1.39859e-23 2.39715e-24 3.79956e-25 3.78093e-24
2260 2.1071e-23 3.57783e-24 5.67096e-25 5.64316e-24
2280 3.54427e-23 5.90565e-24 9.36062e-25 9.31473e-24
2300 7.2092e-23 1.15415e-23 1.82936e-24 1.82039e-23
2320 2.20949e-22 3.18262e-23 5.04455e-24 5.01982e-23
2340 3.68098e-21 2.757e-22 4.36993e-23 4.3485e-22
2360 8.35816e-22 3.10687e-22 4.92449e-23 4.90034e-22
2380 1.35436e-22 3.31796e-23 5.25906e-24 5.23327e-23
2400 5.28777e-23 1.18595e-23 1.87977e-24 1.87055e-23
2420 2.78907e-23 6.03558e-24 9.56656e-25 9.51966e-24
2440 1.71584e-23 3.64777e-24 5.78182e-25 5.75348e-24
2460 1.15936e-23 2.44149e-24 3.86983e-25 3.85086e-24
2480 8.34475e-24 1.74852e-24 2.77146e-25 2.75787e-24
2500 6.28619e-24 1.31408e-24 2.08285e-25 2.07264e-24
2520 4.90116e-24 1.02387e-24 1.62286e-25 1.6149e-24
2540 3.9255e-24 8.20434e-25 1.30041e-25 1.29404e-24
2560 3.21283e-24 6.7233e-25 1.06566e-25 1.06044e-24
2580 2.67671e-24 5.61161e-25 8.89457e-26 8.85096e-25
2600 2.26349e-24 4.7559e-25 7.53824e-26 7.50128e-25
2620 1.9384e-24 4.08317e-25 6.47194e-26 6.44021e-25
2640 1.67815e-24 3.54471e-25 5.61847e-26 5.59092e-25
2660 1.46665e-24 3.10701e-25 4.92471e-26 4.90056e-25
2680 1.2925e-24 2.74641e-25 4.35313e-26 4.33179e-25
2700 1.14743e-24 2.44578e-25 3.87664e-26 3.85763e-25
2720 1.02534e-24 2.19253e-25 3.47523e-26 3.45819e-25
2740 9.21653e-25 1.97719e-25 3.1339e-26 3.11854e-25
2760 8.32867e-25 1.79255e-25 2.84124e-26 2.82731e-25
2780 7.56275e-25 1.63303e-25 2.5884e-26 2.57571e-25
2800 6.89756e-25 1.49428e-25 2.36847e-26 2.35686e-25
2820 6.3163e-25 1.37283e-25 2.17597e-26 2.16531e-25
2840 5.80551e-25 1.26592e-25 2.00652e-26 1.99668e-25
2860 5.35432e-25 1.17132e-25 1.85658e-26 1.84747e-25
2880 4.95389e-25 1.08721e-25 1.72325e-26 1.7148e-25
2900 4.59693e-25 1.01208e-25 1.60418e-26 1.59631e-25
2920 4.27741e-25 9.44711e-26 1.49739e-26 1.49005e-25
2940 3.99033e-25 8.8406e-26 1.40126e-26 1.39439e-25
2960 3.73147e-25 8.29264e-26 1.31441e-26 1.30796e-25
2980 3.49728e-25 7.79593e-26 1.23568e-26 1.22962e-25
3000 3.28475e-25 7.34425e-26 1.16409e-26 1.15838e-25
3020 3.09132e-25 6.93233e-26 1.0988e-26 1.09341e-25
3040 2.91478e-25 6.55563e-26 1.03909e-26 1.03399e-25
3060 2.75325e-25 6.21025e-26 9.84343e-27 9.79517e-26
3080 2.60508e-25 5.8928e-26 9.34026e-27 9.29447e-26
3100 2.46886e-25 5.60036e-26 8.87673e-27 8.83321e-26
3120 2.34335e-25 5.33035e-26 8.44877e-27 8.40734e-26
3140 2.22746e-25 5.08056e-26 8.05283e-27 8.01335e-26
3160 2.12025e-25 4.849e-26 7.68581e-27 7.64813e-26
3180 2.02089e-25 4.63395e-26 7.34495e-27 7.30894e-26
3200 1.92863e-25 4.43388e-26 7.02783e-27 6.99338e-26
3220 1.84282e-25 4.24743e-26 6.7323e-27 6.69929e-26
3240 1.76288e-25 4.07339e-26 6.45644e-27 6.42478e-26
3260 1.6883e-25 3.91068e-26 6.19854e-27 6.16815e-26
3280 1.61861e-25 3.75835e-26 5.95709e-27 5.92789e-26
3300 1.55339e-25 3.61553e-26 5.73072e-27 5.70262e-26
3320 1.49229e-25 3.48145e-26 5.5182e-27 5.49115e-26
3340 1.43497e-25 3.35542e-26 5.31843e-27 5.29236e-26
3360 1.38112e-25 3.2368e-26 5.13042e-27 5.10526e-26
3380 1.33047e-25 3.12502e-26 4.95325e-27 4.92897e-26
3400 1.28279e-25 3.01958e-26 4.78613e-27 4.76266e-26
3420 1.23784e-25 2.92001e-26 4.6283e-27 4.60561e-26
3440 1.19543e-25 2.82588e-26 4.4791e-27 4.45714e-26
3460 1.15537e-25 2.7368e-26 4.33791e-27 4.31664e-26
3480 1.11749e-25 2.65243e-26 4.20417e-27 4.18356e-26
3500 1.08165e-25 2.57243e-26 4.07738e-27 4.05739e-26
3520 1.0477e-25 2.49652e-26 3.95706e-27 3.93766e-26
3540 1.01551e-25 2.42443e-26 3.84279e-27 3.82395e-26
3560 9.84965e-26 2.3559e-26 3.73417e-27 3.71586e-26
3580 9.55961e-26 2.29071e-26 3.63083e-27 3.61303e-26
3600 9.28396e-26 2.22864e-26 3.53246e-27 3.51514e-26
3620 9.0218e-26 2.16951e-26 3.43874e-27 3.42188e-26
3640 8.77228e-26 2.11313e-26 3.34938e-27 3.33296e-26
3660 8.53462e-26 2.05935e-26 3.26412e-27 3.24812e-26
3680 8.30811e-26 2.00799e-26 3.18273e-27 3.16713e-26
3700 8.09208e-26 1.95894e-26 3.10497e-27 3.08975e-26
3720 7.88591e-26 1.91204e-26 3.03064e-27 3.01579e-26
3740 7.68904e-26 1.86719e-26 2.95955e-27 2.94504e-26
3760 7.50094e-26 1.82426e-26 2.89151e-27 2.87733e-26
3780 7.3211e-26 1.78316e-26 2.82635e-27 2.8125e-26
3800 7.14908e-26 1.74377e-26 2.76393e-27 2.75038e-26
3820 6.98445e-26 1.70602e-26 2.70409e-27 2.69083e-26
3840 6.8268e-26 1.66981e-26 2.6467e-27 2.63373e-26
3860 6.67577e-26 1.63507e-26 2.59164e-27 2.57893e-26
3880 6.53101e-26 1.60172e-26 2.53877e-27 2.52632e-26
3900 6.39219e-26 1.56969e-26 2.488e-27 2.4758e-26
3920 6.25901e-26 1.53891e-26 2.43922e-27 2.42726e-26
3940 6.1312e-26 1.50933e-26 2.39233e-27 2.3806e-26
3960 6.00847e-26 1.48088e-26 2.34724e-27 2.33573e-26
3980 5.89058e-26 1.45351e-26 2.30386e-27 2.29256e-26
4000 5.77731e-26 1.42717e-26 2.26211e-27 2.25102e-26
